1 1 1 1 1 0 -1.505
1 1 1 1 1 4 -0.157
1 1 1 1 2 4 0.5208
1 1 1 1 3 4 0.1368
1 1 1 2 2 0 -3.5693
1 1 1 2 2 4 -1.1335
1 1 1 2 3 4 -0.5542
1 1 1 3 3 0 -0.9834
1 1 2 1 2 2 0.251
1 1 2 1 2 4 0.2248
1 1 2 1 2 6 0.4777
1 1 2 1 2 8 -1.2509
1 1 2 1 3 2 0.0736
1 1 2 1 3 4 -0.2811
1 1 2 2 2 4 0.3092
1 1 2 2 2 8 1.3155
1 1 2 2 3 4 -0.1022
1 1 2 2 3 6 -0.4507
1 1 3 1 3 2 0.3105
1 1 3 1 3 4 -0.2533
1 1 3 2 2 4 0.8901
1 1 3 2 3 4 1.7072
1 2 2 2 2 0 -2.4796
1 2 2 2 2 4 -0.9899
1 2 2 2 2 8 -0.2136
1 2 2 2 3 4 -0.7746
1 2 2 3 3 0 -1.1572
1 2 3 2 3 4 -0.9039
1 2 3 2 3 6 0.647
1 3 3 3 3 0 -1.8461
