1    1    1    1    1   0     -0.65243338
1    1    1    2    2   0     -0.35135780
1    1    1    3    3   0     -0.54240952
1    1    1    4    4   0     -0.28391909
1    1    1    5    5   0     -0.46019856
1    1    1    6    6   0     -0.34773373
1    2    2    2    2   0     -0.65125680
1    2    2    3    3   0     -0.41688196
1    2    2    4    4   0     -0.60717844
1    2    2    5    5   0     -0.67266800
1    2    2    6    6   0      0.26928443
1    3    3    3    3   0     -0.53091335
1    3    3    4    4   0     -0.75762119
1    3    3    5    5   0     -0.25474809
1    3    3    6    6   0     -0.29328484
1    4    4    4    4   0     -0.22550230
1    4    4    5    5   0     -0.22839874
1    4    4    6    6   0     -0.23946607
1    5    5    5    5   0     -0.06400000
1    5    5    6    6   0     -0.16932808
1    6    6    6    6   0     -0.99569682
1    1    2    1    2   2     -0.27630790
1    1    2    3    4   2     -0.21942613
1    2    3    2    3   2     -0.16988298
1    2    3    4    5   2      0.30348335
1    3    4    3    4   2      0.39597750
1    4    5    4    5   2      0.09750230
1    1    1    1    1   4     -0.19842986
1    1    1    1    2   4     -0.07840329
1    1    1    1    3   4     -0.28782010
1    1    1    2    2   4     -0.10065365
1    1    1    2    3   4     -0.14914039
1    1    1    2    4   4     -0.19174072
1    1    1    3    3   4     -0.12032193
1    1    1    3    4   4     -0.03201138
1    1    1    3    5   4     -0.29382453
1    1    1    4    4   4     -0.04545058
1    1    1    4    5   4     -0.23565556
1    1    1    6    6   4     -0.14183311
1    1    2    1    2   4     -0.10813992
1    1    2    1    3   4      0.15928689
1    1    2    2    2   4      0.13808090
1    1    2    2    3   4      0.15472716
1    1    2    2    4   4     -0.00939813
1    1    2    3    3   4     -0.10907914
1    1    2    3    4   4     -0.09583401
1    1    2    3    5   4      0.13526431
1    1    2    4    4   4      0.07023628
1    1    2    4    5   4      0.09932910
1    1    2    6    6   4     -0.04931384
1    1    3    1    3   4     -0.35303464
1    1    3    2    2   4     -0.19986596
1    1    3    2    3   4     -0.03895939
1    1    3    2    4   4     -0.23993939
1    1    3    3    3   4     -0.32276026
1    1    3    3    4   4      0.21149473
1    1    3    3    5   4     -0.28033853
1    1    3    4    4   4     -0.28530113
1    1    3    4    5   4     -0.40347673
1    1    3    6    6   4     -0.18012710
1    1    6    1    6   4     -0.33729253
1    2    2    2    2   4     -0.05396639
1    2    2    2    3   4      0.09372992
1    2    2    2    4   4     -0.41287631
1    2    2    3    3   4      0.00237874
1    2    2    3    4   4      0.11745878
1    2    2    3    5   4     -0.38362108
1    2    2    4    4   4     -0.00298995
1    2    2    4    5   4     -0.32281959
1    2    2    6    6   4      0.37100061
1    2    3    2    3   4     -0.06363784
1    2    3    2    4   4     -0.18182835
1    2    3    3    3   4     -0.07720180
1    2    3    3    4   4     -0.00921037
1    2    3    3    5   4     -0.25037707
1    2    3    4    4   4     -0.25897894
1    2    3    4    5   4      0.02394136
1    2    3    6    6   4     -0.07060347
1    2    4    2    4   4     -0.32696905
1    2    4    3    3   4     -0.40343900
1    2    4    3    4   4      0.32472144
1    2    4    3    5   4     -0.51263195
1    2    4    4    4   4     -0.16328450
1    2    4    4    5   4     -0.23091915
1    2    4    6    6   4     -0.19551731
1    3    3    3    3   4      0.03573924
1    3    3    3    4   4      0.27309694
1    3    3    3    5   4     -0.16328450
1    3    3    4    4   4     -0.20077156
1    3    3    4    5   4     -0.13374855
1    3    3    6    6   4     -0.12228880
1    3    4    3    4   4      0.16680347
1    3    4    3    5   4      0.11891350
1    3    4    4    4   4      0.06666062
1    3    4    4    5   4      0.09427235
1    3    4    6    6   4      0.07981961
1    3    5    3    5   4     -0.11631043
1    3    5    4    4   4     -0.12471060
1    3    5    4    5   4     -0.17636742
1    3    5    6    6   4     -0.14932881
1    4    4    4    4   4      0.01950046
1    4    4    4    5   4     -0.11031126
1    4    4    6    6   4     -0.09339961
1    4    5    4    5   4     -0.05850138
1    4    5    6    6   4     -0.13208700
1    6    6    6    6   4     -0.52614432
1    1    2    1    2   6      0.11515416
1    1    2    1    3   6      0.10320171
1    1    2    1    4   6     -0.16734831
1    1    2    2    3   6     -0.18255038
1    1    2    2    4   6     -0.08182991
1    1    2    2    5   6      0.00945669
1    1    2    3    4   6      0.05986702
1    1    2    3    5   6     -0.01455952
1    1    3    1    3   6      0.14860814
1    1    3    1    4   6     -0.16396719
1    1    3    2    3   6      0.09936784
1    1    3    2    4   6      0.15952767
1    1    3    2    5   6      0.03515599
1    1    3    3    4   6     -0.08840953
1    1    3    3    5   6      0.11163525
1    1    4    1    4   6     -0.06070435
1    1    4    2    4   6     -0.02686667
1    1    4    2    5   6     -0.02326722
1    1    4    3    4   6      0.09011356
1    1    4    3    5   6      0.16120003
1    1    6    1    6   6     -0.11668505
1    1    6    2    6   6      0.11166366
1    2    3    2    3   6      0.09404786
1    2    3    2    4   6      0.08850306
1    2    3    2    5   6      0.12774316
1    2    3    3    4   6      0.16491571
1    2    3    3    5   6     -0.05900204
1    2    4    2    4   6      0.19594626
1    2    4    2    5   6     -0.14419876
1    2    4    3    4   6      0.08452180
1    2    4    3    5   6     -0.04995192
1    2    5    2    5   6      0.27233400
1    2    5    3    4   6      0.00478814
1    2    6    2    6   6     -0.29668902
1    3    4    3    4   6      0.12690617
1    3    4    3    5   6     -0.00737183
1    3    5    3    5   6      0.08307888
1    1    1    1    1   8      0.08569008
1    1    1    1    2   8      0.02945475
1    1    1    1    3   8     -0.12717195
1    1    1    1    4   8     -0.09759665
1    1    1    1    5   8     -0.13694639
1    1    1    2    2   8      0.01673804
1    1    1    2    3   8      0.04676863
1    1    1    2    4   8     -0.00441418
1    1    1    2    5   8     -0.11490447
1    1    1    3    3   8     -0.01689343
1    1    1    3    4   8      0.10265227
1    1    1    6    6   8      0.00251957
1    1    2    1    2   8      0.07244976
1    1    2    1    3   8     -0.11516664
1    1    2    1    4   8     -0.11258524
1    1    2    1    5   8      0.16200047
1    1    2    2    2   8     -0.06516469
1    1    2    2    3   8      0.01566392
1    1    2    2    4   8      0.08829781
1    1    2    2    5   8      0.10300933
1    1    2    3    3   8      0.07961089
1    1    2    3    4   8     -0.07981200
1    1    2    6    6   8     -0.12506830
1    1    3    1    3   8     -0.05896073
1    1    3    1    4   8      0.11776947
1    1    3    1    5   8     -0.11720832
1    1    3    2    2   8      0.01861063
1    1    3    2    3   8     -0.08779099
1    1    3    2    4   8     -0.13597232
1    1    3    2    5   8     -0.15542686
1    1    3    3    3   8      0.06504184
1    1    3    3    4   8      0.16350202
1    1    4    1    4   8      0.00779980
1    1    4    1    5   8      0.05939194
1    1    4    2    2   8      0.06497141
1    1    4    2    3   8      0.04137368
1    1    4    2    4   8      0.08994935
1    1    4    2    5   8      0.14612248
1    1    4    3    3   8      0.15132521
1    1    4    3    4   8     -0.01566199
1    1    5    1    5   8     -0.01575634
1    1    5    2    2   8     -0.15344283
1    1    5    2    3   8     -0.18422319
1    1    5    2    4   8     -0.13326959
1    1    5    2    5   8     -0.19530004
1    1    5    3    3   8     -0.03659278
1    1    5    3    4   8      0.07928436
1    1    6    1    6   8      0.05378910
1    1    6    2    6   8      0.07137314
1    1    6    3    6   8     -0.17744358
1    2    2    2    2   8      0.00767109
1    2    2    2    3   8     -0.08743602
1    2    2    2    4   8      0.08320180
1    2    2    2    5   8     -0.17331159
1    2    2    3    3   8     -0.08092150
1    2    2    3    4   8      0.12804047
1    2    2    6    6   8      0.33442618
1    2    3    2    3   8      0.01102266
1    2    3    2    4   8     -0.19474835
1    2    3    2    5   8     -0.01558634
1    2    3    3    3   8     -0.10224562
1    2    3    3    4   8      0.07180860
1    2    4    2    4   8      0.09547781
1    2    4    2    5   8     -0.10608393
1    2    4    3    3   8     -0.08730076
1    2    4    3    4   8      0.09111408
1    2    5    2    5   8      0.03025933
1    2    5    3    3   8     -0.04535681
1    2    5    3    4   8      0.08191846
1    2    6    2    6   8      0.03406309
1    2    6    3    6   8     -0.18369838
1    3    3    3    3   8      0.09362929
1    3    3    3    4   8      0.06602900
1    3    4    3    4   8     -0.01212704
1    3    6    3    6   8     -0.19373070
1    6    6    6    6   8      0.03967630
1    1    2    1    2  10     -0.03508507
1    1    2    1    3  10     -0.02679617
1    1    2    1    4  10      0.06334116
1    1    2    1    5  10     -0.03842413
1    1    2    2    3  10      0.08848891
1    1    2    2    4  10      0.01119442
1    1    3    1    3  10      0.02536929
1    1    3    1    4  10     -0.05550152
1    1    3    1    5  10      0.05898378
1    1    3    2    3  10     -0.02408363
1    1    3    2    4  10     -0.00685515
1    1    4    1    4  10      0.10440805
1    1    4    1    5  10      0.02630886
1    1    4    2    3  10      0.08716451
1    1    4    2    4  10      0.02162615
1    1    5    1    5  10      0.14180705
1    1    5    2    3  10     -0.04066830
1    1    5    2    4  10     -0.01324326
1    1    6    1    6  10      0.11137242
1    1    6    2    6  10     -0.01066391
1    1    6    3    6  10     -0.16694944
1    1    6    4    6  10      0.08286891
1    2    3    2    3  10      0.16602900
1    2    4    2    4  10      0.08728322
1    2    6    2    6  10      0.13214161
1    2    6    3    6  10     -0.00401509
1    2    6    4    6  10     -0.23905493
1    3    6    3    6  10      0.13826476
1    3    6    4    6  10      0.20158882
1    4    6    4    6  10     -0.06923240
1    1    1    1    1  12     -0.02460234
1    1    1    1    2  12     -0.00549502
1    1    1    1    3  12      0.02213234
1    1    1    1    4  12      0.09180535
1    1    1    2    2  12     -0.02207940
1    1    1    2    3  12     -0.08159576
1    1    1    6    6  12     -0.01303336
1    1    2    1    2  12     -0.01445855
1    1    2    1    3  12      0.12189077
1    1    2    1    4  12     -0.11338745
1    1    2    2    2  12      0.07773880
1    1    2    2    3  12      0.09895624
1    1    2    6    6  12     -0.09953216
1    1    3    1    3  12      0.15631710
1    1    3    1    4  12      0.10353056
1    1    3    2    2  12     -0.05438879
1    1    3    2    3  12     -0.09097930
1    1    4    1    4  12     -0.02139187
1    1    4    2    2  12      0.05578689
1    1    4    2    3  12      0.09411748
1    1    6    1    6  12      0.08697461
1    1    6    2    6  12     -0.03538080
1    1    6    3    6  12     -0.06131975
1    1    6    4    6  12      0.08363270
1    1    6    5    6  12     -0.14545839
1    2    2    2    2  12      0.13175227
1    2    2    2    3  12     -0.08396051
1    2    2    6    6  12      0.13949728
1    2    3    2    3  12     -0.03963140
1    2    6    2    6  12      0.08050250
1    2    6    3    6  12      0.09600054
1    2    6    4    6  12     -0.05495166
1    2    6    5    6  12     -0.25497687
1    3    6    3    6  12      0.03462620
1    3    6    4    6  12     -0.23046092
1    3    6    5    6  12     -0.08208981
1    4    6    4    6  12      0.04153944
1    4    6    5    6  12     -0.08757283
1    6    6    6    6  12      0.15025767
1    1    2    1    2  14      0.15075086
1    1    2    1    3  14     -0.02244160
1    1    3    1    3  14      0.03337151
1    1    6    1    6  14     -0.02022328
1    1    6    2    6  14     -0.06475942
1    1    6    3    6  14      0.03782121
1    1    6    4    6  14      0.00701570
1    1    6    5    6  14     -0.19675255
1    2    6    2    6  14     -0.11462768
1    2    6    3    6  14      0.01180870
1    2    6    4    6  14      0.05759480
1    2    6    5    6  14      0.17692556
1    3    6    3    6  14     -0.06783591
1    3    6    4    6  14      0.17589002
1    3    6    5    6  14     -0.09500433
1    4    6    4    6  14      0.06577078
1    4    6    5    6  14      0.07060347
1    1    1    1    1  16      0.11437919
1    1    1    1    2  16      0.06168150
1    1    1    6    6  16     -0.01536520
1    1    2    1    2  16     -0.07277571
1    1    2    6    6  16     -0.03706226
1    1    6    1    6  16     -0.03102031
1    1    6    2    6  16      0.07800168
1    1    6    3    6  16      0.00653846
1    1    6    4    6  16     -0.09202578
1    2    6    2    6  16      0.10320313
1    2    6    3    6  16     -0.11003420
1    2    6    4    6  16     -0.18844825
1    3    6    3    6  16      0.14308877
1    3    6    4    6  16     -0.09471874
1    4    6    4    6  16     -0.04500106
1    6    6    6    6  16     -0.00771073
1    1    6    1    6  18      0.01517206
1    1    6    2    6  18     -0.01911175
1    1    6    3    6  18     -0.17807497
1    2    6    2    6  18     -0.07991824
1    2    6    3    6  18      0.09375208
1    3    6    3    6  18     -0.08644458
1    1    6    1    6  20      0.15381268
1    1    6    2    6  20      0.02461914
1    2    6    2    6  20      0.34225773
1    6    6    6    6  20     -0.03772472
1    1    6    1    6  22     -0.11559532
1    6    6    6    6  24      0.18027167