1    1    1    1    1   0     -0.95376656
1    1    1    2    2   0     -0.67929376
1    1    1    3    3   0     -0.74238676
1    1    1    4    4   0     -0.47434165
1    1    1    5    5   0     -0.33541020
1    1    1    6    6   0     -0.82000388
1    2    2    2    2   0     -0.80012787
1    2    2    3    3   0     -0.54734577
1    2    2    4    4   0     -0.68471272
1    2    2    5    5   0     -0.30000000
1    2    2    6    6   0      0.53269046
1    3    3    3    3   0     -0.64212275
1    3    3    4    4   0     -0.41754683
1    3    3    5    5   0     -0.50790562
1    3    3    6    6   0     -0.68738635
1    4    4    4    4   0     -0.46810741
1    4    4    5    5   0     -0.44987181
1    4    4    6    6   0     -0.56124861
1    5    5    5    5   0     -0.15000000
1    5    5    6    6   0     -0.39686270
1    6    6    6    6   0     -1.32546048
1    1    2    1    2   2     -0.18615444
1    1    2    3    4   2     -0.19591619
1    2    3    2    3   2     -0.16810741
1    2    3    4    5   2     -0.22969412
1    3    4    3    4   2     -0.12220826
1    4    5    4    5   2      0.16810741
1    1    1    1    1   4     -0.49138614
1    1    1    1    2   4      0.06581464
1    1    1    1    3   4     -0.43494108
1    1    1    2    2   4     -0.32328543
1    1    1    2    3   4     -0.18315972
1    1    1    2    4   4     -0.43126346
1    1    1    3    3   4     -0.40037164
1    1    1    3    4   4      0.17606257
1    1    1    3    5   4     -0.32938291
1    1    1    4    4   4     -0.20601676
1    1    1    4    5   4     -0.29135169
1    1    1    6    6   4     -0.44808696
1    1    2    1    2   4     -0.15700786
1    1    2    1    3   4      0.14631261
1    1    2    2    2   4      0.12071596
1    1    2    2    3   4      0.09131646
1    1    2    2    4   4      0.09375456
1    1    2    3    3   4      0.01883009
1    1    2    3    4   4     -0.20879829
1    1    2    3    5   4      0.08983592
1    1    2    4    4   4      0.05618903
1    1    2    4    5   4      0.07946328
1    1    2    6    6   4     -0.06978308
1    1    3    1    3   4     -0.60127186
1    1    3    2    2   4     -0.35694775
1    1    3    2    3   4     -0.15308338
1    1    3    2    4   4     -0.49394510
1    1    3    3    3   4     -0.35947822
1    1    3    3    4   4      0.24783013
1    1    3    3    5   4     -0.53769708
1    1    3    4    4   4     -0.22824090
1    1    3    4    5   4     -0.32278138
1    1    3    6    6   4     -0.54659257
1    1    6    1    6   4     -0.21663107
1    2    2    2    2   4     -0.37517304
1    2    2    2    3   4     -0.07268197
1    2    2    2    4   4     -0.45984608
1    2    2    3    3   4     -0.25041923
1    2    2    3    4   4      0.23206740
1    2    2    3    5   4     -0.29196675
1    2    2    4    4   4     -0.35311800
1    2    2    4    5   4     -0.25825567
1    2    2    6    6   4      0.68657094
1    2    3    2    3   4     -0.15675082
1    2    3    2    4   4     -0.24301206
1    2    3    3    3   4     -0.18368704
1    2    3    3    4   4      0.17160967
1    2    3    3    5   4     -0.08885440
1    2    3    4    4   4      0.02191014
1    2    3    4    5   4     -0.26433539
1    2    3    6    6   4     -0.21424502
1    2    4    2    4   4     -0.64394723
1    2    4    3    3   4     -0.34411699
1    2    4    3    4   4      0.18184598
1    2    4    3    5   4     -0.44011476
1    2    4    4    4   4     -0.38850450
1    2    4    4    5   4     -0.54942833
1    2    4    6    6   4     -0.59329390
1    3    3    3    3   4     -0.22209390
1    3    3    3    4   4      0.04643427
1    3    3    3    5   4     -0.38850450
1    3    3    4    4   4     -0.14959499
1    3    3    4    5   4     -0.32522837
1    3    3    6    6   4     -0.37108326
1    3    4    3    4   4     -0.09470109
1    3    4    3    5   4      0.27485028
1    3    4    4    4   4      0.15860630
1    3    4    4    5   4      0.22430318
1    3    4    6    6   4      0.24221122
1    3    5    3    5   4     -0.33116961
1    3    5    4    4   4     -0.29672521
1    3    5    4    5   4     -0.41963282
1    3    5    6    6   4     -0.45313570
1    4    4    4    4   4     -0.01748317
1    4    4    4    5   4     -0.26246471
1    4    4    6    6   4     -0.28341952
1    4    5    4    5   4     -0.20307375
1    4    5    6    6   4     -0.40081573
1    6    6    6    6   4     -0.90440032
1    1    2    1    2   6     -0.05023420
1    1    2    1    3   6      0.05195568
1    1    2    1    4   6     -0.06683906
1    1    2    2    3   6     -0.06745511
1    1    2    2    4   6     -0.03081380
1    1    2    3    4   6     -0.11368790
1    1    3    1    3   6     -0.05034575
1    1    3    1    4   6     -0.06548864
1    1    3    2    3   6      0.03671791
1    1    3    2    4   6     -0.00377390
1    1    3    2    5   6     -0.03050411
1    1    3    3    4   6      0.06188386
1    1    3    3    5   6     -0.09686356
1    1    4    1    4   6     -0.11207161
1    1    4    2    4   6      0.02583334
1    1    4    2    5   6      0.02237233
1    1    4    3    4   6     -0.08664765
1    1    4    3    5   6     -0.15500003
1    1    6    1    6   6     -0.16104067
1    1    6    2    6   6      0.02223165
1    2    3    2    3   6      0.03735720
1    2    3    2    4   6     -0.07679224
1    2    3    2    5   6     -0.11084005
1    2    3    3    4   6     -0.14309389
1    2    3    3    5   6      0.05119483
1    2    4    2    4   6      0.06633486
1    2    4    2    5   6      0.13865265
1    2    4    3    4   6     -0.06854346
1    2    4    3    5   6      0.04803069
1    2    5    3    4   6      0.00825542
1    2    6    2    6   6     -0.19952799
1    3    4    3    4   6      0.13256145
1    3    4    3    5   6     -0.01271005
1    3    5    3    5   6      0.14323945
1    1    1    1    1   8     -0.00308737
1    1    1    1    2   8     -0.03368200
1    1    1    1    3   8     -0.11807482
1    1    1    2    2   8      0.00024743
1    1    1    2    3   8     -0.03442724
1    1    1    3    3   8     -0.07021280
1    1    1    6    6   8      0.00549725
1    1    2    1    2   8      0.01991077
1    1    2    1    3   8      0.03038025
1    1    2    1    4   8     -0.11534691
1    1    2    2    2   8      0.02851184
1    1    2    2    3   8      0.09611307
1    1    2    2    4   8     -0.02981146
1    1    2    3    3   8     -0.05884225
1    1    2    3    4   8     -0.06110541
1    1    2    6    6   8     -0.27287629
1    1    3    1    3   8      0.02877732
1    1    3    1    4   8     -0.05026976
1    1    3    1    5   8     -0.11670814
1    1    3    2    2   8     -0.01218976
1    1    3    2    3   8     -0.00806313
1    1    3    2    4   8      0.00747054
1    1    3    2    5   8     -0.02690210
1    1    3    3    3   8     -0.15578884
1    1    3    3    4   8      0.04793503
1    1    4    1    4   8      0.05094164
1    1    4    1    5   8      0.13516344
1    1    4    2    2   8      0.02085760
1    1    4    2    3   8      0.04250595
1    1    4    2    4   8      0.00921612
1    1    4    2    5   8     -0.02726166
1    1    4    3    3   8     -0.05978548
1    1    4    3    4   8     -0.11334331
1    1    5    2    3   8      0.01701438
1    1    5    2    4   8     -0.03056642
1    1    5    3    3   8     -0.06309101
1    1    5    3    4   8      0.13669718
1    1    6    1    6   8     -0.08519671
1    1    6    2    6   8      0.03446341
1    1    6    3    6   8     -0.04539710
1    2    2    2    2   8      0.06670929
1    2    2    2    3   8      0.03375253
1    2    2    2    4   8     -0.19928576
1    2    2    3    3   8      0.01251577
1    2    2    3    4   8      0.05941553
1    2    2    6    6   8      0.72965711
1    2    3    2    3   8      0.08005115
1    2    3    2    4   8      0.03501094
1    2    3    2    5   8     -0.14498925
1    2    3    3    4   8      0.11743026
1    2    4    2    4   8      0.02513863
1    2    4    2    5   8     -0.09471779
1    2    4    3    3   8     -0.02360437
1    2    4    3    4   8      0.11423910
1    2    5    3    3   8     -0.07820139
1    2    5    3    4   8      0.14123873
1    2    6    2    6   8     -0.10390783
1    2    6    3    6   8     -0.05084018
1    3    3    3    3   8      0.09606138
1    3    3    3    4   8      0.07600461
1    3    4    3    4   8     -0.03049116
1    3    6    3    6   8     -0.17052315
1    6    6    6    6   8     -0.12183829
1    1    2    1    2  10      0.08978302
1    1    2    1    3  10      0.03210764
1    1    2    1    4  10     -0.14386287
1    1    2    2    3  10     -0.12147369
1    1    2    2    4  10     -0.02097315
1    1    3    1    3  10      0.13661948
1    1    3    1    5  10     -0.14386287
1    1    3    2    3  10      0.03306095
1    1    3    2    4  10      0.01284338
1    1    4    1    4  10      0.10188328
1    1    4    1    5  10     -0.09982482
1    1    4    2    3  10     -0.06597125
1    1    4    2    4  10     -0.02079438
1    1    5    2    3  10      0.03078017
1    1    5    2    4  10      0.01273390
1    1    6    1    6  10     -0.02905488
1    1    6    2    6  10      0.01482909
1    1    6    3    6  10     -0.08021873
1    2    3    2    3  10      0.09339300
1    2    4    2    4  10      0.12812920
1    2    6    2    6  10     -0.03199197
1    2    6    3    6  10     -0.05392416
1    2    6    4    6  10     -0.09144462
1    3    6    3    6  10     -0.03410463
1    3    6    4    6  10      0.07711287
1    4    6    4    6  10     -0.11936621
1    1    1    1    1  12      0.09879591
1    1    1    1    2  12     -0.00336820
1    1    1    1    3  12     -0.16043209
1    1    1    2    2  12      0.00472063
1    1    1    2    3  12     -0.01956840
1    1    1    6    6  12     -0.02843642
1    1    2    1    2  12      0.10023259
1    1    2    1    3  12     -0.03868451
1    1    2    1    4  12     -0.13060466
1    1    2    2    2  12     -0.01464538
1    1    2    2    3  12      0.08968427
1    1    2    6    6  12     -0.21716107
1    1    3    1    3  12      0.00621232
1    1    3    1    4  12      0.06032371
1    1    3    2    2  12     -0.00507331
1    1    3    2    3  12     -0.07041976
1    1    4    1    4  12     -0.06112997
1    1    4    2    2  12      0.04505756
1    1    4    2    3  12      0.14255869
1    1    6    1    6  12      0.06779515
1    1    6    2    6  12      0.05608445
1    1    6    3    6  12     -0.10984403
1    2    2    2    2  12      0.06670929
1    2    2    2    3  12     -0.06536149
1    2    2    6    6  12      0.30435771
1    2    3    2    3  12     -0.06670929
1    2    6    2    6  12      0.11302823
1    2    6    3    6  12     -0.03850955
1    2    6    4    6  12     -0.14439372
1    3    6    3    6  12      0.07332496
1    3    6    4    6  12      0.05115089
1    3    6    5    6  12     -0.14153416
1    4    6    4    6  12      0.07161972
1    4    6    5    6  12     -0.15098764
1    6    6    6    6  12      0.00635678
1    1    2    1    2  14      0.05451574
1    1    2    1    3  14     -0.02278335
1    1    3    1    3  14      0.03772179
1    1    6    1    6  14      0.07158431
1    1    6    2    6  14     -0.05301356
1    1    6    3    6  14     -0.12838192
1    2    6    2    6  14     -0.00902302
1    2    6    3    6  14     -0.00923558
1    2    6    4    6  14     -0.16777034
1    3    6    3    6  14      0.12107144
1    3    6    4    6  14     -0.00917827
1    3    6    5    6  14     -0.16380058
1    4    6    4    6  14      0.11339790
1    4    6    5    6  14      0.12173012
1    1    1    1    1  16      0.03704846
1    1    1    1    2  16      0.03780796
1    1    1    6    6  16     -0.03352408
1    1    2    1    2  16     -0.09706040
1    1    2    6    6  16     -0.08086311
1    1    6    1    6  16      0.15575532
1    1    6    2    6  16      0.10584001
1    1    6    3    6  16     -0.12838192
1    2    6    2    6  16      0.38363337
1    2    6    3    6  16      0.02714123
1    2    6    4    6  16     -0.14371649
1    3    6    3    6  16      0.07332496
1    3    6    4    6  16     -0.07223546
1    4    6    4    6  16     -0.07758803
1    6    6    6    6  16      0.11230312
1    1    6    1    6  18      0.06616616
1    1    6    2    6  18     -0.18308894
1    1    6    3    6  18     -0.10023409
1    2    6    2    6  18     -0.49869278
1    2    6    3    6  18      0.05612604
1    3    6    3    6  18     -0.11084005
1    1    6    1    6  20      0.03298570
1    1    6    2    6  20      0.16542812
1    2    6    2    6  20      0.87336275
1    6    6    6    6  20      0.13243292
1    1    6    1    6  22     -0.10688701
1    6    6    6    6  24     -0.01377302
2    2    6    2    6   6     -4.0