1    1    1    1    1   0     -0.66328682
1    1    1    2    2   0     -0.46214740
1    1    1    3    3   0     -0.49791985
1    1    1    4    4   0     -0.26000000
1    1    1    5    5   0     -0.52072500
1    2    2    2    2   0     -0.52755534
1    2    2    3    3   0     -0.36055122
1    2    2    4    4   0     -0.41813172
1    2    2    5    5   0      1.11966887
1    3    3    3    3   0     -0.38036093
1    3    3    4    4   0     -0.34140312
1    3    3    5    5   0     -0.45033321
1    4    4    4    4   0     -0.13000000
1    4    4    5    5   0     -0.31843367
1    5    5    5    5   0     -0.98572585
1    1    2    1    2   2     -0.12135564
1    1    2    3    4   2     -0.14323945
1    2    3    2    3   2     -0.08597209
1    3    4    3    4   2      0.11140846
1    1    1    1    1   4     -0.39700001
1    1    1    1    2   4      0.08865894
1    1    1    1    3   4     -0.42068645
1    1    1    2    2   4     -0.28495011
1    1    1    2    3   4     -0.23315874
1    1    1    2    4   4     -0.35652526
1    1    1    3    3   4     -0.29920236
1    1    1    3    4   4      0.29110166
1    1    1    5    5   4     -0.42279832
1    1    2    1    2   4     -0.10832616
1    1    2    1    3   4      0.18705773
1    1    2    2    2   4      0.14261768
1    1    2    2    3   4      0.13178786
1    1    2    2    4   4      0.10354374
1    1    2    3    3   4      0.00866275
1    1    2    3    4   4     -0.19595157
1    1    2    5    5   4     -0.16655729
1    1    3    1    3   4     -0.51291919
1    1    3    2    2   4     -0.32939644
1    1    3    2    3   4     -0.20971201
1    1    3    2    4   4     -0.42758573
1    1    3    3    3   4     -0.32677816
1    1    3    3    4   4      0.44461525
1    1    3    5    5   4     -0.54925762
1    1    5    1    5   4     -0.14942881
1    2    2    2    2   4     -0.25145117
1    2    2    2    3   4     -0.10137929
1    2    2    2    4   4     -0.40756398
1    2    2    3    3   4     -0.17704048
1    2    2    3    4   4      0.33277459
1    2    2    5    5   4      0.87357629
1    2    3    2    3   4     -0.12818193
1    2    3    2    4   4     -0.28819125
1    2    3    3    3   4     -0.17294334
1    2    3    3    4   4      0.23530717
1    2    3    5    5   4     -0.29068787
1    2    4    2    4   4     -0.40730933
1    2    4    3    3   4     -0.31128213
1    2    4    3    4   4      0.42353130
1    2    4    5    5   4     -0.52321147
1    3    3    3    3   4     -0.06643923
1    3    3    3    4   4      0.25416079
1    3    3    5    5   4     -0.31397878
1    3    4    3    4   4     -0.23440340
1    3    4    5    5   4      0.42720037
1    5    5    5    5   4     -0.86640301
1    1    2    1    2   6      0.02254695
1    1    2    1    3   6      0.05267160
1    1    2    1    4   6     -0.08271301
1    1    2    2    3   6     -0.08561610
1    1    2    2    4   6     -0.02946977
1    1    3    1    3   6      0.04181201
1    1    3    1    4   6     -0.09550875
1    1    3    2    3   6      0.04236898
1    1    3    2    4   6      0.02552157
1    1    5    1    5   6     -0.09779819
1    1    5    2    5   6      0.02331843
1    2    3    2    3   6      0.09825382
1    2    4    2    4   6      0.11140846
1    2    5    2    5   6     -0.13187124
1    1    1    1    1   8      0.04776227
1    1    1    1    2   8     -0.01864140
1    1    1    1    3   8     -0.11923688
1    1    1    2    2   8      0.00533216
1    1    1    2    3   8     -0.02742255
1    1    1    5    5   8     -0.02311305
1    1    2    1    2   8      0.06195675
1    1    2    1    3   8     -0.01395949
1    1    2    1    4   8     -0.10819643
1    1    2    2    3   8      0.07026100
1    1    2    5    5   8     -0.38494445
1    1    3    1    3   8      0.03504521
1    1    3    1    4   8      0.06524490
1    1    3    2    2   8     -0.01412299
1    1    3    2    3   8     -0.07061497
1    1    4    2    2   8      0.04501582
1    1    4    2    3   8      0.09003163
1    1    5    1    5   8     -0.00729460
1    1    5    2    5   8      0.04975729
1    1    5    3    5   8     -0.05249243
1    2    2    2    2   8      0.06877767
1    2    2    2    3   8     -0.05895229
1    2    2    5    5   8      0.60559972
1    2    3    2    3   8     -0.01965076
1    2    5    2    5   8     -0.01591549
1    2    5    3    5   8     -0.06086506
1    3    5    3    5   8     -0.09051937
1    5    5    5    5   8     -0.05528497
1    1    2    1    2  10      0.06432512
1    1    2    1    3  10     -0.01823349
1    1    3    1    3  10      0.05196219
1    1    5    1    5  10      0.00233680
1    1    5    2    5  10     -0.02981083
1    1    5    3    5  10     -0.08577862
1    2    5    2    5  10     -0.02444165
1    2    5    3    5  10     -0.04297894
1    2    5    4    5  10     -0.10607281
1    3    5    3    5  10      0.04874120
1    3    5    4    5  10      0.10801926
1    1    1    1    1  12      0.04776227
1    1    1    1    2  12      0.03609892
1    1    1    5    5  12     -0.06288704
1    1    2    1    2  12     -0.05163062
1    1    2    5    5  12     -0.17048905
1    1    5    1    5  12      0.13217123
1    1    5    2    5  12      0.12454897
1    1    5    3    5  12     -0.10252507
1    2    5    2    5  12      0.30296280
1    2    5    3    5  12      0.00426308
1    2    5    4    5  12     -0.12596593
1    3    5    3    5  12      0.08455106
1    3    5    4    5  12     -0.08397729
1    5    5    5    5  12      0.05322977
1    1    5    1    5  14      0.02429955
1    1    5    2    5  14     -0.22236439
1    1    5    3    5  14     -0.08993893
1    2    5    2    5  14     -0.47888586
1    2    5    3    5  14      0.05655613
1    3    5    3    5  14     -0.05470951
1    1    5    1    5  16      0.07583544
1    1    5    2    5  16      0.25943577
1    2    5    2    5  16      1.10356901
1    5    5    5    5  16      0.10502089
1    1    5    1    5  18     -0.04012031
1    5    5    5    5  20      0.01130362
2    2    5    2    5   6     -4.0