1    1    2    1    2   0     -0.20320676
1    1    2    2    3   0      0.02172013
1    1    2    3    4   0     -0.22099801
1    2    3    2    3   0     -0.19507849
1    2    3    3    4   0      0.05513570
1    2    3    4    5   0     -0.26256225
1    3    4    3    4   0     -0.17069368
1    3    4    4    5   0      0.23224627
1    1    1    1    1   2     -0.18965964
1    1    1    1    2   2     -0.01652383
1    1    1    1    3   2     -0.01431006
1    1    1    2    2   2     -0.01103863
1    1    1    2    3   2     -0.01974650
1    1    1    3    3   2     -0.16624040
1    1    1    5    6   2      0.01267653
1    1    2    1    2   2     -0.16450071
1    1    2    1    3   2      0.03352042
1    1    2    2    2   2      0.02585729
1    1    2    2    3   2      0.01711432
1    1    2    2    4   2     -0.02875626
1    1    2    3    3   2     -0.03115262
1    1    2    3    4   2     -0.19410477
1    1    2    5    6   2     -0.02010053
1    1    3    1    3   2     -0.17417722
1    1    3    2    2   2     -0.00268717
1    1    3    2    3   2      0.02884172
1    1    3    2    4   2     -0.02490365
1    1    3    3    3   2     -0.02697896
1    1    3    3    4   2      0.04980731
1    1    3    3    5   2     -0.19490192
1    2    2    2    2   2     -0.17417722
1    2    2    2    3   2      0.03738932
1    2    2    2    4   2     -0.03228416
1    2    2    3    3   2     -0.03497451
1    2    2    3    4   2      0.06456832
1    2    2    4    4   2     -0.24308541
1    2    2    5    6   2      0.22156222
1    2    3    2    3   2     -0.12819443
1    2    3    2    4   2     -0.05775166
1    2    3    3    3   2     -0.06256430
1    2    3    3    4   2      0.03128215
1    2    3    3    5   2      0.07532971
1    2    3    4    4   2      0.07247407
1    2    3    4    5   2     -0.17936416
1    2    4    2    4   2     -0.13655494
1    2    4    3    3   2     -0.01350543
1    2    4    3    4   2     -0.06827747
1    2    4    3    5   2     -0.07633653
1    2    4    4    4   2     -0.07344272
1    2    4    4    5   2     -0.20772738
1    3    3    3    3   2     -0.13655494
1    3    3    3    4   2     -0.06302536
1    3    3    3    5   2     -0.07046449
1    3    3    4    4   2     -0.06779328
1    3    3    4    5   2     -0.19174835
1    3    4    3    4   2     -0.03413874
1    3    4    3    5   2      0.15267307
1    3    4    4    4   2      0.14688544
1    3    4    4    5   2     -0.10386369
1    3    5    4    4   2     -0.16422292
1    5    1    5    1   2     -0.23340533
1    5    6    5    6   2     -0.27546048
1    1    1    1    1   4     -0.13054495
1    1    1    1    2   4     -0.02442185
1    1    1    1    3   4     -0.04011195
1    1    1    2    1   4      0.03087164
1    1    1    2    2   4     -0.00731355
1    1    1    2    3   4     -0.03031677
1    1    1    3    2   4      0.02025290
1    1    1    3    3   4     -0.13642548
1    1    1    5    6   4      0.00910957
1    1    2    1    2   4     -0.09482982
1    1    2    1    3   4      0.04692859
1    1    2    1    4   4     -0.05569547
1    1    2    2    1   4      0.00263874
1    1    2    2    2   4      0.03620021
1    1    2    2    3   4      0.00886720
1    1    2    2    4   4     -0.04209486
1    1    2    3    2   4     -0.04654313
1    1    2    3    3   4     -0.04560276
1    1    2    3    4   4     -0.14467716
1    1    2    5    6   4     -0.03149148
1    1    3    1    3   4     -0.08128270
1    1    3    1    4   4     -0.06431159
1    1    3    2    1   4      0.00304695
1    1    3    2    2   4     -0.00710607
1    1    3    2    3   4      0.03686027
1    1    3    2    4   4     -0.00891128
1    1    3    2    5   4     -0.04243647
1    1    3    3    2   4      0.00644920
1    1    3    3    3   4     -0.07108767
1    1    3    3    4   4      0.06682352
1    1    3    3    5   4     -0.11694115
1    1    4    1    4   4     -0.12192405
1    1    4    2    2   4      0.00595311
1    1    4    2    3   4      0.01093657
1    1    4    2    4   4      0.03686027
1    1    4    2    5   4      0.03447963
1    1    4    3    2   4     -0.00446483
1    1    4    3    3   4     -0.01458209
1    1    4    3    4   4     -0.08445750
1    1    4    3    5   4     -0.16891500
1    2    1    2    1   4     -0.16256541
1    2    1    2    2   4     -0.02369971
1    2    1    2    3   4     -0.04353915
1    2    1    3    2   4      0.01777478
1    2    1    3    3   4      0.05805220
1    2    1    4    3   4     -0.18285511
1    2    1    5    6   4      0.02325800
1    2    2    2    2   4     -0.08128270
1    2    2    2    3   4      0.04778428
1    2    2    2    4   4     -0.08506651
1    2    2    3    2   4     -0.06967089
1    2    2    3    3   4     -0.01251493
1    2    2    3    4   4      0.08662750
1    2    2    4    3   4     -0.05733821
1    2    2    4    4   4     -0.14585124
1    2    2    5    6   4      0.19284516
1    2    3    2    3   4     -0.01950785
1    2    3    2    4   4     -0.06173913
1    2    3    2    5   4     -0.10106541
1    2    3    3    2   4      0.01535923
1    2    3    3    3   4     -0.06688405
1    2    3    3    4   4     -0.00589425
1    2    3    3    5   4      0.08251956
1    2    3    4    3   4     -0.10533701
1    2    3    4    4   4      0.07939136
1    2    4    2    4   4      0.01950785
1    2    4    2    5   4      0.14598337
1    2    4    3    2   4     -0.01890367
1    2    4    3    3   4     -0.03022645
1    2    4    3    4   4     -0.04469810
1    2    4    3    5   4      0.06704715
1    2    4    4    3   4     -0.03241139
1    2    4    4    4   4     -0.15051279
1    2    5    3    3   4     -0.03368847
1    2    5    3    4   4      0.08362248
1    2    5    4    3   4     -0.03031808
1    2    5    4    4   4      0.16090494
1    3    2    3    2   4     -0.12192405
1    3    2    3    3   4      0.04778428
1    3    2    3    4   4     -0.10106541
1    3    2    4    3   4      0.04300365
1    3    2    4    4   4     -0.19446832
1    3    3    3    3   4      0.01950785
1    3    3    3    4   4     -0.04125978
1    3    3    3    5   4     -0.14440924
1    3    3    4    3   4      0.14044935
1    3    3    4    4   4      0.05954352
1    3    4    3    4   4      0.10241621
1    3    4    3    5   4     -0.06827747
1    3    4    4    3   4      0.07426382
1    3    4    4    4   4     -0.06568917
1    3    5    4    3   4      0.14852764
1    3    5    4    4   4      0.03284458
1    5    1    5    1   4     -0.18552731
1    5    1    5    2   4     -0.02202068
1    5    2    5    2   4     -0.21395488
1    5    6    5    6   4     -0.23539350
1    1    1    1    1   6     -0.05418847
1    1    1    1    2   6     -0.02611722
1    1    1    1    3   6     -0.07175444
1    1    1    2    1   6      0.03723260
1    1    1    2    2   6     -0.00251594
1    1    1    2    3   6     -0.03500680
1    1    1    3    1   6     -0.05671483
1    1    1    3    2   6      0.02614638
1    1    1    3    3   6     -0.09646738
1    1    1    5    6   6      0.00452658
1    1    2    1    2   6     -0.00967651
1    1    2    1    3   6      0.04446986
1    1    2    1    4   6     -0.10664871
1    1    2    2    1   6      0.00504215
1    1    2    2    2   6      0.03430357
1    1    2    2    3   6     -0.00108477
1    1    2    2    4   6     -0.04414946
1    1    2    3    1   6     -0.00522928
1    1    2    3    2   6     -0.08912330
1    1    2    3    3   6     -0.04782858
1    1    2    3    4   6     -0.08110774
1    1    2    5    6   6     -0.03798016
1    1    3    1    3   6      0.02322363
1    1    3    1    4   6     -0.05569547
1    1    3    1    5   6     -0.11254528
1    1    3    2    1   6      0.00903872
1    1    3    2    2   6     -0.01134582
1    1    3    2    3   6      0.02719223
1    1    3    2    4   6      0.00832589
1    1    3    2    5   6     -0.04009869
1    1    3    3    1   6     -0.00750998
1    1    3    3    2   6      0.01861725
1    1    3    3    3   6     -0.11239948
1    1    3    3    4   6      0.05647618
1    1    4    1    4   6      0.04064135
1    1    4    1    5   6      0.14078577
1    1    4    2    2   6      0.01718515
1    1    4    2    3   6      0.01720901
1    1    4    2    4   6      0.01682434
1    1    4    2    5   6     -0.03762036
1    1    4    3    2   6     -0.02232417
1    1    4    3    3   6     -0.03993469
1    1    4    3    4   6     -0.12363312
1    1    5    2    3   6      0.02196296
1    1    5    2    4   6     -0.04371091
1    1    5    3    3   6     -0.04034853
1    1    5    3    4   6      0.14275923
1    1    6    1    6   6     -0.20200435
1    1    6    5    1   6      0.00042711
1    1    6    5    2   6     -0.00035837
1    2    1    2    1   6     -0.05615896
1    2    1    2    2   6     -0.02556535
1    2    1    2    3   6     -0.08337113
1    2    1    3    1   6     -0.07203751
1    2    1    3    2   6      0.00415130
1    2    1    3    3   6      0.06807224
1    2    1    4    2   6      0.03228251
1    2    1    4    3   6     -0.10251075
1    2    1    5    6   6      0.03136108
1    2    2    2    2   6      0.02322363
1    2    2    2    3   6      0.03525099
1    2    2    2    4   6     -0.13450197
1    2    2    3    1   6     -0.00973565
1    2    2    3    2   6     -0.06033676
1    2    2    3    3   6      0.01169281
1    2    2    3    4   6      0.07321360
1    2    2    4    2   6     -0.11730208
1    2    2    4    3   6     -0.05417951
1    2    2    5    6   6      0.15427613
1    2    3    2    3   6      0.08081823
1    2    3    2    4   6     -0.01890367
1    2    3    2    5   6     -0.14794461
1    2    3    3    1   6     -0.02052455
1    2    3    3    2   6      0.02416820
1    2    3    3    3   6     -0.02047898
1    2    3    3    4   6     -0.03472826
1    2    3    4    2   6      0.02967534
1    2    3    4    3   6     -0.15419759
1    2    4    2    4   6      0.10729317
1    2    4    2    5   6     -0.08724175
1    2    4    3    2   6     -0.05176983
1    2    4    3    3   6     -0.02958333
1    2    4    3    4   6      0.04778428
1    2    4    4    2   6     -0.05032346
1    2    4    4    3   6     -0.07747803
1    2    5    3    3   6     -0.08053085
1    2    5    3    4   6     -0.02671222
1    2    5    4    3   6     -0.15159038
1    3    1    3    1   6     -0.11379578
1    3    1    3    2   6     -0.02623077
1    3    1    3    3   6     -0.08798069
1    3    1    4    2   6     -0.02185537
1    3    1    4    3   6     -0.15141842
1    3    2    3    2   6      0.04064135
1    3    2    3    3   6      0.02181044
1    3    2    3    4   6     -0.14794461
1    3    2    4    2   6      0.13544878
1    3    2    4    3   6     -0.04692083
1    3    3    3    3   6      0.10729317
1    3    3    3    4   6      0.04410856
1    3    3    4    2   6     -0.05451708
1    3    3    4    3   6     -0.08393454
1    3    4    3    4   6     -0.03413874
1    3    4    4    2   6      0.16435573
1    3    4    4    3   6     -0.02372271
1    5    1    5    1   6     -0.12012252
1    5    1    5    2   6     -0.02965989
1    5    1    5    3   6     -0.04103522
1    5    2    5    2   6     -0.12931339
1    5    2    5    3   6      0.05086321
1    5    3    5    3   6     -0.18338990
1    5    6    5    6   6     -0.17904931
1    1    1    1    1   8      0.02463112
1    1    1    1    2   8     -0.02047108
1    1    1    1    3   8     -0.10070441
1    1    1    2    1   8      0.03100234
1    1    1    2    2   8      0.00240109
1    1    1    2    3   8     -0.03258955
1    1    1    3    1   8     -0.09787510
1    1    1    3    2   8      0.02529586
1    1    1    3    3   8     -0.05184966
1    1    1    5    6   8     -0.00025721
1    1    2    1    2   8      0.06773559
1    1    2    1    3   8      0.02423382
1    1    2    1    4   8     -0.14308425
1    1    2    2    1   8      0.00675125
1    1    2    2    2   8      0.01869371
1    1    2    2    3   8     -0.00980306
1    1    2    2    4   8     -0.03290706
1    1    2    3    1   8     -0.01251456
1    1    2    3    2   8     -0.11957145
1    1    2    3    3   8     -0.03564932
1    1    2    5    6   8     -0.03890664
1    1    3    1    3   8      0.09753924
1    1    3    1    4   8     -0.00710991
1    1    3    1    5   8     -0.14721986
1    1    3    2    1   8      0.01828170
1    1    3    2    2   8     -0.01254012
1    1    3    2    4   8      0.01839561
1    1    3    3    1   8     -0.02565145
1    1    3    3    2   8      0.03564932
1    1    3    3    3   8     -0.11957145
1    1    4    1    4   8      0.10566751
1    1    4    1    5   8     -0.09617499
1    1    4    2    2   8      0.03290706
1    1    4    2    3   8      0.01307319
1    1    4    2    4   8     -0.02804056
1    1    4    3    2   8     -0.06697251
1    1    4    3    3   8     -0.06655782
1    1    5    2    3   8      0.04331154
1    1    5    2    4   8      0.01658902
1    1    5    3    3   8     -0.13781647
1    1    6    1    6   8     -0.10965950
1    1    6    2    6   8      0.03982092
1    1    6    5    1   8      0.00132548
1    1    6    5    2   8     -0.00157379
1    2    1    2    1   8      0.04433602
1    2    1    2    2   8     -0.01551254
1    2    1    2    3   8     -0.11185411
1    2    1    3    1   8     -0.05529673
1    2    1    3    2   8     -0.00821759
1    2    1    3    3   8      0.05272853
1    2    1    4    1   8     -0.12351229
1    2    1    4    2   8      0.02847050
1    2    1    5    6   8      0.03338642
1    2    2    2    2   8      0.09753924
1    2    2    2    4   8     -0.14308425
1    2    2    3    1   8     -0.01350297
1    2    2    3    2   8     -0.00770241
1    2    2    3    3   8      0.02583466
1    2    2    4    1   8     -0.01800633
1    2    2    4    2   8     -0.15344220
1    2    2    5    6   8      0.11073023
1    2    3    2    3   8      0.09753924
1    2    3    2    4   8      0.05457019
1    2    3    3    1   8     -0.04650219
1    2    3    3    2   8      0.01835989
1    2    3    3    3   8      0.05911771
1    2    3    4    1   8     -0.04721299
1    2    3    4    2   8      0.05852056
1    2    4    2    4   8     -0.04876962
1    2    4    3    2   8     -0.08628305
1    2    4    3    3   8      0.01929348
1    2    4    4    2   8     -0.17188734
1    2    6    2    6   8     -0.17314659
1    2    6    5    1   8      0.00094903
1    2    6    5    2   8     -0.00099535
1    3    1    3    1   8      0.05172536
1    3    1    3    2   8     -0.00935791
1    3    1    3    3   8     -0.11508706
1    3    1    4    1   8      0.13204019
1    3    1    4    2   8      0.02663172
1    3    2    3    2   8      0.10566751
1    3    2    3    3   8     -0.03635073
1    3    2    4    1   8      0.02986011
1    3    2    4    2   8     -0.09252913
1    3    3    3    3   8     -0.04876962
1    3    3    4    1   8      0.13353849
1    3    3    4    2   8      0.02069014
1    5    1    5    1   8     -0.04488564
1    5    1    5    2   8     -0.03103942
1    5    1    5    3   8     -0.07634688
1    5    2    5    2   8     -0.03526729
1    5    2    5    3   8      0.05677924
1    5    2    5    4   8     -0.08908260
1    5    3    5    3   8     -0.04796351
1    5    3    5    4   8     -0.07967790
1    5    4    5    4   8     -0.12837293
1    5    6    5    6   8     -0.11093545
1    1    1    1    1  10      0.08620893
1    1    1    1    2  10     -0.00751083
1    1    1    1    3  10     -0.11537140
1    1    1    2    1  10      0.01303141
1    1    1    2    2  10      0.00614883
1    1    1    2    3  10     -0.02251447
1    1    1    3    1  10     -0.12207170
1    1    1    3    2  10      0.01779631
1    1    1    5    6  10     -0.00433084
1    1    2    1    2  10      0.10644163
1    1    2    1    3  10     -0.01081001
1    1    2    1    4  10     -0.13718131
1    1    2    2    1  10      0.00652823
1    1    2    2    2  10     -0.00833873
1    1    2    2    3  10     -0.01318468
1    1    2    3    1  10     -0.02127066
1    1    2    3    2  10     -0.11463853
1    1    2    5    6  10     -0.03433599
1    1    3    1    3  10      0.08592743
1    1    3    1    4  10      0.05894255
1    1    3    2    1  10      0.02906605
1    1    3    2    2  10     -0.00686721
1    1    3    2    3  10     -0.03399029
1    1    3    3    1  10     -0.06283296
1    1    3    3    2  10      0.04925661
1    1    4    1    4  10     -0.05689789
1    1    4    2    2  10      0.04546764
1    1    4    2    3  10     -0.01198178
1    1    4    3    2  10     -0.15626919
1    1    6    1    6  10     -0.01587177
1    1    6    2    6  10      0.04223646
1    1    6    3    6  10     -0.07759333
1    1    6    5    1  10      0.00283836
1    1    6    5    2  10     -0.00453303
1    2    1    2    1  10      0.10345071
1    2    1    2    2  10      0.00411056
1    2    1    2    3  10     -0.10723956
1    2    1    3    2  10     -0.01412772
1    2    1    4    1  10     -0.15225015
1    2    1    5    6  10      0.03000495
1    2    2    2    2  10      0.08592743
1    2    2    2    3  10     -0.04406374
1    2    2    3    1  10     -0.00888592
1    2    2    3    2  10      0.06385442
1    2    2    4    1  10     -0.03257467
1    2    2    5    6  10      0.06780814
1    2    3    2    3  10     -0.06967089
1    2    3    3    1  10     -0.06868829
1    2    3    3    2  10     -0.01682712
1    2    3    4    1  10     -0.14163896
1    2    6    2    6  10     -0.03462932
1    2    6    3    6  10     -0.08482416
1    2    6    5    1  10      0.00328753
1    2    6    5    2  10     -0.00456127
1    3    1    3    1  10      0.10345071
1    3    1    3    2  10      0.02111429
1    3    1    4    1  10     -0.09751814
1    3    2    3    2  10     -0.05689789
1    3    2    4    1  10     -0.01243966
1    3    6    3    6  10     -0.12120261
1    5    1    5    1  10      0.02992376
1    5    1    5    2  10     -0.02607066
1    5    1    5    3  10     -0.10882433
1    5    2    5    2  10      0.05206124
1    5    2    5    3  10      0.04333541
1    5    2    5    4  10     -0.14557115
1    5    3    5    3  10      0.06690708
1    5    3    5    4  10     -0.05626334
1    5    3    5    5  10     -0.14433031
1    5    4    5    4  10      0.06912389
1    5    4    5    5  10      0.15922702
1    5    6    5    6  10     -0.03706196
1    1    1    1    1  12      0.10591383
1    1    1    1    2  12      0.01051517
1    1    1    1    3  12     -0.10017043
1    1    1    2    1  12     -0.01316371
1    1    1    2    2  12      0.00702458
1    1    1    3    1  12     -0.11082173
1    1    1    5    6  12     -0.00683767
1    1    2    1    2  12      0.06773559
1    1    2    1    3  12     -0.04692859
1    1    2    2    1  12      0.00280983
1    1    2    2    2  12     -0.03620021
1    1    2    3    1  12     -0.02703453
1    1    2    5    6  12     -0.02529836
1    1    3    1    3  12     -0.08128270
1    1    3    2    1  12      0.03568966
1    1    3    2    2  12      0.01045010
1    1    3    3    1  12     -0.12876926
1    1    6    1    6  12      0.06492997
1    1    6    2    6  12      0.03016286
1    1    6    3    6  12     -0.12252214
1    1    6    5    1  12      0.00481255
1    1    6    5    2  12     -0.01023701
1    2    1    2    1  12      0.07684910
1    2    1    2    2  12      0.02523640
1    2    1    3    1  12      0.06635608
1    2    1    5    6  12      0.02233174
1    2    2    2    2  12     -0.08128270
1    2    2    3    1  12      0.01011707
1    2    2    5    6  12      0.03098403
1    2    6    2    6  12      0.07445303
1    2    6    3    6  12     -0.05626598
1    2    6    4    6  12     -0.14978567
1    2    6    5    1  12      0.00801916
1    2    6    5    2  12     -0.01442400
1    3    1    3    1  12     -0.06207043
1    3    6    3    6  12      0.07272157
1    3    6    4    6  12      0.14749873
1    5    1    5    1  12      0.09148121
1    5    1    5    2  12     -0.01493881
1    5    1    5    3  12     -0.13136422
1    5    2    5    2  12      0.11251944
1    5    2    5    3  12      0.01396223
1    5    2    5    4  12     -0.17399081
1    5    3    5    3  12      0.12494697
1    5    3    5    4  12      0.00558076
1    5    3    5    5  12     -0.17139833
1    5    4    5    4  12      0.11990878
1    5    4    5    5  12     -0.12378768
1    5    6    5    6  12      0.03505861
1    1    1    1    1  14      0.05418847
1    1    1    1    2  14      0.02660150
1    1    1    2    1  14     -0.03723260
1    1    1    5    6  14     -0.00716000
1    1    2    1    2  14     -0.09482982
1    1    2    2    1  14     -0.00628298
1    1    2    5    6  14     -0.01377068
1    1    6    1    6  14      0.11543106
1    1    6    2    6  14      0.00723383
1    1    6    3    6  14     -0.14235786
1    1    6    5    1  14      0.00664716
1    1    6    5    2  14     -0.01935183
1    2    1    2    1  14     -0.08867204
1    2    1    5    6  14      0.01223160
1    2    6    2    6  14      0.12293408
1    2    6    3    6  14      0.01009609
1    2    6    4    6  14     -0.17335024
1    2    6    5    1  14      0.01580070
1    2    6    5    2  14     -0.03705593
1    3    6    3    6  14      0.11514248
1    3    6    4    6  14     -0.11891728
1    5    1    5    1  14      0.12439734
1    5    1    5    2  14      0.00118982
1    5    1    5    3  14     -0.13490840
1    5    2    5    2  14      0.12192405
1    5    2    5    3  14     -0.02492756
1    5    2    5    4  14     -0.15263143
1    5    3    5    3  14      0.08262622
1    5    3    5    4  14      0.07403712
1    5    4    5    4  14     -0.07758803
1    5    6    5    6  14      0.09641117
1    1    1    1    1  16     -0.10345071
1    1    1    5    6  16     -0.00511893
1    1    6    1    6  16      0.11543106
1    1    6    2    6  16     -0.02125855
1    1    6    3    6  16     -0.12194749
1    1    6    5    1  16      0.00706746
1    1    6    5    2  16     -0.03108512
1    2    6    2    6  16      0.07445303
1    2    6    3    6  16      0.07945900
1    2    6    5    1  16      0.02603180
1    2    6    5    2  16     -0.08285957
1    3    6    3    6  16     -0.07878170
1    5    1    5    1  16      0.11071791
1    5    1    5    2  16      0.01931870
1    5    1    5    3  16     -0.10771342
1    5    2    5    2  16      0.05206124
1    5    2    5    3  16     -0.05788433
1    5    3    5    3  16     -0.11084005
1    5    6    5    6  16      0.13647815
1    1    6    1    6  18      0.04184376
1    1    6    2    6  18     -0.04396110
1    1    6    5    1  18      0.00386033
1    1    6    5    2  18     -0.03997957
1    2    6    2    6  18     -0.11254528
1    2    6    5    1  18      0.03404623
1    2    6    5    2  18     -0.16748529
1    5    1    5    1  18      0.02992376
1    5    1    5    2  18      0.03235284
1    5    2    5    2  18     -0.12931339
1    5    6    5    6  18      0.14323945
1    1    6    1    6  20     -0.13130283
1    1    6    5    1  20     -0.00642817
1    5    1    5    1  20     -0.14106915
1    5    6    5    6  20      0.10317247
1    5    6    5    6  22      0.00125209
1    5    6    5    6  24     -0.17904931