# 测试输入

nucleus1
0 8 7
2 4 5
2 4 3
4 0 1
0 10 11
2  6  7

nucleus2
0 10 9
2 6 7
2 6 5
4 2 3
4 2 1
0 12 13
1  8  9

energy1
      0      0.962      2.440      2.708  2.793      277.7697284

energy2
      1.561    0      2.002    0.854    1.367   2.208 345.6760909

rorder1
0   4   8    12    6
0 99  0  1
0  0    2 3 4
1   1   1    1    -1

rorder2
0   4   8   12   16   6
0 99  0  1
0   0  2 3 4 5
1   1   1    1    1   -1

ystrget1
 1   1  1  -0.56118469
 2   2  1  -0.77991338
 3   3  1  -0.20196327
 4   4  1  -0.07876896
 5   5  1   0.17265131
 6   6  1   0.00216044
 1   1  2  -0.76369292
 1   2  2   0.06191651
 1   3  2  -0.10509364
 2   1  2  -0.06191651
 2   2  2  -0.56823030
 2   3  2  -0.12287393
 2   4  2  -0.10888066
 3   1  2  -0.10509364
 3   2  2   0.12287393
 3   3  2  -0.06629643
 3   4  2   0.03702886
 4   2  2  -0.10888066
 4   3  2  -0.03702886
 5   5  2   0.05553185
 5   6  2   0.00106641
 6   5  2   0.00106641
 6   6  2   0.00111404
 1   1  3   0.91870144
 1   2  3  -0.15024280
 1   3  3   0.04868325
 1   4  3  -0.02150876
 2   1  3   0.15024280
 2   2  3   0.25751782
 2   3  3   0.13787279
 3   1  3   0.04868325
 3   2  3  -0.13787279
 4   1  3   0.02150876
 5   5  3  -0.02902859
 5   6  3  -0.00046509
 6   5  3  -0.00046509
 6   6  3  -0.00040433
 1   1  4   0.86580540
 1   2  4  -0.35362180
 2   1  4   0.35362180
 5   5  4  -0.01685263
 5   6  4  -0.00034797
 6   5  4  -0.00034797
 6   6  4  -0.00005144
 2   5  5   0.70710669
 4   6  5   0.00036191
 5   2  5   0.70710669
 6   4  5   0.00036191

ystrget2
 1   1  1  -0.11775132
 2   2  1  -0.94639160
 3   3  1  -0.20651534
 4   4  1  -0.15290036
 5   5  1  -0.10112144
 6   6  1   0.11926413
 7   7  1   0.00098868
 1   1  2   0.03251402
 1   2  2  -0.01011307
 1   3  2   0.02529718
 2   1  2   0.01011307
 2   2  2   0.96491755
 2   3  2   0.06025053
 2   4  2   0.15037715
 3   1  2   0.02529718
 3   2  2  -0.06025053
 3   3  2   0.05109941
 3   4  2  -0.02519813
 3   5  2   0.04105602
 4   2  2   0.15037715
 4   3  2   0.02519813
 4   4  2   0.04818081
 4   5  2   0.03939124
 5   3  2   0.04105602
 5   4  2  -0.03939124
 6   6  2  -0.03504243
 6   7  2  -0.00047164
 7   6  2  -0.00047164
 7   7  2  -0.00055782
 1   1  3  -0.01494802
 1   2  3   0.00918661
 1   3  3  -0.00994429
 1   4  3   0.01010189
 1   5  3  -0.01691130
 2   1  3  -0.00918661
 2   2  3  -0.98471757
 2   3  3  -0.06121794
 2   4  3  -0.06296983
 2   5  3  -0.07490686
 3   1  3  -0.00994429
 3   2  3   0.06121794
 3   3  3  -0.02330124
 3   4  3   0.02744544
 4   1  3  -0.01010189
 4   2  3  -0.06296983
 4   3  3  -0.02744544
 5   1  3  -0.01691130
 5   2  3   0.07490686
 6   6  3   0.01636482
 6   7  3   0.00020368
 7   6  3   0.00020368
 7   7  3   0.00036668
 1   1  4   0.00622775
 1   2  4  -0.00693998
 1   3  4   0.00487007
 1   4  4  -0.01559354
 2   1  4   0.00693998
 2   2  4   0.99534050
 2   3  4   0.06541728
 3   1  4   0.00487007
 3   2  4  -0.06541728
 4   1  4   0.01559354
 6   6  4  -0.00833707
 6   7  4  -0.00009756
 7   6  4  -0.00009756
 7   7  4  -0.00022040
 1   1  5   0.00146207
 1   2  5  -0.70686895
 2   1  5   0.70686895
 6   6  5  -0.02588558
 6   7  5  -0.00042268
 7   6  5  -0.00042268
 7   7  5   0.00006199
 2   6  6   0.70710672
 4   7  6   0.00029785
 6   2  6   0.70710672
 7   4  6   0.00029785

efcstrength1
1.0  1.0

efc1
1    1    1    1    1    0    -0.335
1    1    6    1    6    0    -0.4971
1    1    1    2    2    0    -0.57205
1    2    2    2    2    0    -0.62028
1    1    1    3    3    0    -0.24318
1    2    2    3    3    0    -1.03755
1    3    3    3    3    0    -0.1967
1    1    1    4    4    0    -0.23313
1    2    2    4    4    0    -0.31213
1    3    3    4    4    0    -0.25486
1    4    4    4    4    0    -0.80415
1    1    1    5    5    0    1.50438
1    2    2    5    5    0    0.47408
1    3    3    5    5    0    0.59685
1    4    4    5    5    0    0.29089
1    5    5    5    5    0    -0.45401
1    1    1    6    6    0    0.52617
1    2    2    6    6    0    0.40435
1    3    3    6    6    0    0.7626
1    4    4    6    6    0    0.3677
1    5    5    6    6    0    -0.31627
1    6    6    6    6    0    -0.42265
1    1    2    1    2    2    -0.17875
1    1    6    1    6    2    0.22266
1    1    6    2    6    2    -0.03738
1    1    2    2    3    2    -0.04437
1    2    3    2    3    2    -0.10955
1    2    6    2    6    2    -0.44752
1    1    2    3    4    2    -0.0183
1    2    3    3    4    2    -0.02821
1    3    4    3    4    2    -0.0984
1    1    1    1    1    4    -0.21726
1    1    1    1    2    4    -0.01416
1    1    2    1    2    4    0.03202
1    1    2    2    2    4    0.01504
1    1    1    1    3    4    -0.09203
1    1    2    1    3    4    0.1007
1    1    3    1    3    4    -0.20821
1    1    3    2    2    4    -0.08584
1    1    3    2    3    4    -0.113
1    1    3    3    3    4    -0.09511
1    1    5    1    5    4    -0.2217
1    1    5    1    6    4    -0.04728
1    1    6    1    6    4    -0.17243
1    1    6    2    6    4    -0.03235
1    1    6    3    6    4    -0.07131
1    1    1    2    2    4    -0.0858
1    2    2    2    2    4    -0.26727
1    1    1    2    3    4    -0.12848
1    1    2    2    3    4    0.06476
1    2    2    2    3    4    -0.11776
1    2    3    2    3    4    -0.09607
1    2    3    3    3    4    -0.20257
1    1    1    2    4    4    -0.17368
1    1    2    2    4    4    0.08366
1    1    3    2    4    4    -0.12191
1    2    2    2    4    4    -0.21919
1    2    3    2    4    4    -0.07718
1    2    4    2    4    4    -0.32538
1    2    4    3    3    4    -0.23457
1    2    4    3    4    4    0.41242
1    1    5    2    6    4    -0.11595
1    2    6    2    6    4    -0.1482
1    2    6    3    6    4    -0.10138
1    1    1    3    3    4    -0.07937
1    1    2    3    3    4    0.02439
1    2    2    3    3    4    -0.17135
1    3    3    3    3    4    -0.06951
1    1    1    3    4    4    0.0614
1    1    2    3    4    4    0.01307
1    1    3    3    4    4    0.11886
1    2    2    3    4    4    0.17532
1    2    3    3    4    4    0.21926
1    3    3    3    4    4    0.05165
1    3    4    3    4    4    -0.15701
1    1    5    3    6    4    -0.1052
1    3    6    3    6    4    -0.1899
1    1    1    5    5    4    0.22508
1    1    2    5    5    4    -0.16544
1    1    3    5    5    4    0.35369
1    2    2    5    5    4    0.17125
1    2    3    5    5    4    0.06286
1    2    4    5    5    4    0.14683
1    3    3    5    5    4    0.10578
1    3    4    5    5    4    -0.16985
1    5    5    5    5    4    -0.32548
1    1    1    5    6    4    0.1528
1    1    2    5    6    4    -0.10325
1    1    3    5    6    4    0.49364
1    2    2    5    6    4    0.17178
1    2    3    5    6    4    0.10769
1    2    4    5    6    4    0.21488
1    3    3    5    6    4    0.15715
1    3    4    5    6    4    -0.18793
1    5    5    5    6    4    -0.16827
1    5    6    5    6    4    -0.2945
1    5    6    6    6    4    -0.1583
1    1    1    6    6    4    0.06203
1    1    2    6    6    4    0.02478
1    1    3    6    6    4    -0.02532
1    2    2    6    6    4    0.20202
1    2    3    6    6    4    0.05114
1    2    4    6    6    4    0.17841
1    3    3    6    6    4    0.12353
1    3    4    6    6    4    -0.21357
1    5    5    6    6    4    -0.14515
1    6    6    6    6    4    -0.22811
1    1    2    1    2    6    -0.09715
1    1    2    1    3    6    0.00207
1    1    3    1    3    6    -0.04931
1    1    3    2    3    6    -0.02025
1    1    2    1    4    6    -0.05901
1    1    3    1    4    6    -0.01949
1    1    4    1    4    6    -0.04895
1    1    4    2    3    6    -0.02181
1    1    4    2    4    6    0.0288
1    1    5    1    5    6    -0.094
1    1    5    2    5    6    0.05494
1    1    5    1    6    6    -0.10674
1    1    6    1    6    6    0.07831
1    1    6    2    5    6    0.19263
1    1    6    2    6    6    0.00145
1    1    6    3    6    6    -0.00741
1    1    6    4    6    6    0.02906
1    1    2    2    3    6    -0.01055
1    2    3    2    3    6    -0.11189
1    1    2    2    4    6    -0.01441
1    1    3    2    4    6    -0.02424
1    2    3    2    4    6    -0.02234
1    2    4    2    4    6    -0.10025
1    2    5    2    5    6    -0.33767
1    1    5    2    6    6    0.05629
1    2    5    2    6    6    -0.16736
1    2    6    2    6    6    -0.25083
1    2    6    3    6    6    0.10187
1    2    6    4    6    6    -0.19855
1    1    5    3    6    6    -0.0884
1    2    5    3    6    6    0.07612
1    3    6    3    6    6    -0.14591
1    3    6    4    6    6    0.13297
1    1    5    4    6    6    0.0874
1    2    5    4    6    6    -0.13771
1    4    6    4    6    6    -0.23726
1    1    2    5    6    6    0.0388
1    1    3    5    6    6    -0.05288
1    1    4    5    6    6    -0.01655
1    2    3    5    6    6    0.00794
1    2    4    5    6    6    0.00275
1    5    6    5    6    6    -0.09014
1    1    1    1    1    8    -0.09497
1    1    1    1    2    8    0.0282
1    1    2    1    2    8    -0.04048
1    1    2    2    2    8    0.01639
1    1    1    1    3    8    -0.04581
1    1    2    1    3    8    0.11293
1    1    3    1    3    8    -0.06383
1    1    3    2    2    8    -0.0351
1    1    3    2    3    8    -0.0752
1    1    1    1    4    8    0.007
1    1    2    1    4    8    -0.11828
1    1    3    1    4    8    0.08678
1    1    4    1    4    8    -0.13438
1    1    4    2    2    8    0.07244
1    1    4    2    3    8    0.1298
1    1    5    1    5    8    -0.10617
1    1    5    2    5    8    0.04912
1    1    5    3    5    8    -0.01816
1    1    5    1    6    8    -0.02262
1    1    6    1    6    8    -0.09699
1    1    6    2    5    8    0.04018
1    1    6    2    6    8    -0.01619
1    1    6    3    5    8    -0.00701
1    1    6    3    6    8    -0.01701
1    1    6    4    6    8    -0.01944
1    1    1    2    2    8    -0.04197
1    2    2    2    2    8    -0.1248
1    1    1    2    3    8    -0.12558
1    1    2    2    3    8    0.0757
1    2    2    2    3    8    -0.28494
1    2    3    2    3    8    -0.55222
1    2    5    2    5    8    -0.07176
1    2    5    3    5    8    -0.03897
1    1    5    2    6    8    -0.02987
1    2    5    2    6    8    -0.00015
1    2    6    2    6    8    -0.04509
1    2    6    3    5    8    -0.00367
1    2    6    3    6    8    -0.0144
1    2    6    4    6    8    -0.02582
1    3    5    3    5    8    -0.06378
1    1    5    3    6    8    -0.03391
1    2    5    3    6    8    0.00612
1    3    5    3    6    8    0.01787
1    3    6    3    6    8    -0.09122
1    3    6    4    6    8    -0.00189
1    1    5    4    6    8    -0.0069
1    2    5    4    6    8    0.00621
1    3    5    4    6    8    -0.00818
1    4    6    4    6    8    -0.06889
1    1    1    5    5    8    0.13843
1    1    2    5    5    8    -0.11757
1    1    3    5    5    8    0.12033
1    1    4    5    5    8    -0.11332
1    2    2    5    5    8    0.07945
1    2    3    5    5    8    0.14555
1    5    5    5    5    8    -0.17296
1    1    1    5    6    8    0.07294
1    1    2    5    6    8    -0.16063
1    1    3    5    6    8    0.17917
1    1    4    5    6    8    -0.24487
1    2    2    5    6    8    0.0729
1    2    3    5    6    8    0.14711
1    5    5    5    6    8    -0.10667
1    5    6    5    6    8    -0.15467
1    5    6    6    6    8    -0.06098
1    1    1    6    6    8    0.03359
1    1    2    6    6    8    0.02567
1    1    3    6    6    8    -0.01141
1    1    4    6    6    8    0.00865
1    2    2    6    6    8    0.10226
1    2    3    6    6    8    0.18268
1    5    5    6    6    8    -0.07172
1    6    6    6    6    8    -0.11726
1    1    2    1    2    10    -0.0834
1    1    2    1    3    10    -0.04231
1    1    3    1    3    10    -0.04789
1    1    5    1    5    10    -0.0996
1    1    5    2    5    10    0.0795
1    1    5    3    5    10    -0.02973
1    1    5    4    5    10    0.03119
1    1    5    1    6    10    -0.10838
1    1    6    1    6    10    -0.031
1    1    6    2    5    10    0.15435
1    1    6    2    6    10    0.00025
1    1    6    3    5    10    -0.12293
1    1    6    3    6    10    -0.00939
1    1    6    4    5    10    0.17855
1    2    5    2    5    10    -0.14299
1    2    5    3    5    10    0.10265
1    2    5    4    5    10    -0.1473
1    1    5    2    6    10    0.06848
1    2    5    2    6    10    -0.06472
1    2    6    2    6    10    -0.13854
1    2    6    3    5    10    0.05601
1    2    6    3    6    10    0.23431
1    2    6    4    5    10    -0.08008
1    3    5    3    5    10    -0.07668
1    3    5    4    5    10    0.12365
1    1    5    3    6    10    -0.13804
1    2    5    3    6    10    0.09309
1    3    5    3    6    10    -0.07453
1    3    6    3    6    10    -0.47495
1    3    6    4    5    10    0.13337
1    4    5    4    5    10    -0.17567
1    1    2    5    6    10    0.02124
1    1    3    5    6    10    -0.00781
1    5    6    5    6    10    -0.02829
1    1    1    1    1    12    -0.02131
1    1    1    1    2    12    0.02239
1    1    2    1    2    12    -0.32114
1    1    5    1    5    12    -0.10425
1    1    5    2    5    12    0.02847
1    1    5    3    5    12    -0.03388
1    1    5    4    5    12    0.00144
1    1    5    1    6    12    -0.00465
1    1    6    1    6    12    -0.08955
1    1    6    2    5    12    0.02152
1    1    6    2    6    12    -0.02031
1    1    6    3    5    12    -0.02247
1    1    6    4    5    12    0.00766
1    2    5    2    5    12    -0.03026
1    2    5    3    5    12    -0.0082
1    2    5    4    5    12    -0.03164
1    1    5    2    6    12    -0.01604
1    2    5    2    6    12    0.01458
1    2    6    2    6    12    -0.05096
1    2    6    3    5    12    0.00325
1    2    6    4    5    12    0.00736
1    3    5    3    5    12    -0.03837
1    3    5    4    5    12    -0.01163
1    4    5    4    5    12    -0.03129
1    1    1    5    5    12    0.09338
1    1    2    5    5    12    -0.14709
1    5    5    5    5    12    -0.11438
1    1    1    5    6    12    0.04341
1    1    2    5    6    12    -0.24289
1    5    5    5    6    12    -0.06866
1    5    6    5    6    12    -0.10378
1    5    6    6    6    12    -0.02482
1    1    1    6    6    12    0.01283
1    1    2    6    6    12    0.06369
1    5    5    6    6    12    -0.04178
1    6    6    6    6    12    -0.06089
1    1    5    1    5    14    -0.22531
1    1    5    2    5    14    0.10928
1    1    5    3    5    14    -0.15393
1    1    5    1    6    14    -0.15265
1    1    6    1    6    14    -0.3371
1    1    6    2    5    14    0.1961
1    1    6    3    5    14    -0.36845
1    2    5    2    5    14    -0.07331
1    2    5    3    5    14    0.16299
1    3    5    3    5    14    -0.31524
1    5    6    5    6    14    -0.0211
1    1    5    1    5    16    -0.10977
1    1    5    2    5    16    -0.00859
1    2    5    2    5    16    -0.04619
1    5    5    5    5    16    -0.07902
1    5    5    5    6    16    -0.04
1    5    6    5    6    16    -0.05432
1    1    5    1    5    18    -0.78339
1    5    6    5    6    18    -0.05413
1    5    5    5    5    20    -0.03568
2    1    6    1    6    0    -2.204585538
2    1    6    1    6    2    2.064611853
2    1    6    1    6    4    -1.784664483
2    1    6    1    6    6    1.364743428
2    1    6    1    6    8    -0.804848688
2    1    6    1    6    10    0.104980264
2    1    6    1    6    12    0.734861846
2    1    6    1    6    14    -1.714677641
2    1    6    2    6    2    6.942998137
2    1    6    2    6    4    -11.57166356
2    1    6    2    6    6    15.35154649
2    1    6    2    6    8    -17.92674411
2    1    6    2    6    10    18.65874684
2    1    6    2    6    12    -16.20032899
2    2    6    2    6    2    12.75510204
2    2    6    2    6    4    -38.26530612
2    2    6    2    6    6    76.53061224
2    2    6    2    6    8    -127.5510204
2    2    6    2    6    10    191.3265306
2    2    6    2    6    12    -267.8571429

efcstrength2
1.0  1.0

efc2
1    1    1    1    1    0    -0.16817
1    1    7    1    7    0    -0.45
1    1    1    2    2    0    -0.55497
1    2    2    2    2    0    -0.42265
1    1    1    3    3    0    -0.18714
1    2    2    3    3    0    -1.00206
1    3    3    3    3    0    -0.13338
1    1    1    4    4    0    -0.27015
1    2    2    4    4    0    -0.26806
1    3    3    4    4    0    -0.31136
1    4    4    4    4    0    -0.44555
1    1    1    5    5    0    -0.13163
1    2    2    5    5    0    -0.27271
1    3    3    5    5    0    -0.12414
1    4    4    5    5    0    -0.62954
1    5    5    5    5    0    -0.0004
1    1    1    6    6    0    1.41276
1    2    2    6    6    0    0.36177
1    3    3    6    6    0    0.59188
1    4    4    6    6    0    0.26535
1    5    5    6    6    0    0.24328
1    6    6    6    6    0    -0.23996
1    1    1    7    7    0    0.50421
1    2    2    7    7    0    0.27935
1    3    3    7    7    0    0.78631
1    4    4    7    7    0    0.33852
1    5    5    7    7    0    0.32708
1    6    6    7    7    0    -0.22068
1    7    7    7    7    0    -0.25544
1    1    2    1    2    2    -0.17195
1    1    7    1    7    2    0.20744
1    2    7    1    7    2    -0.02985
1    1    2    2    3    2    -0.06248
1    2    3    2    3    2    -0.09991
1    2    7    2    7    2    -0.30985
1    1    2    3    4    2    -0.03082
1    2    3    3    4    2    -0.04706
1    3    4    3    4    2    -0.09505
1    1    2    4    5    2    -0.011
1    2    3    4    5    2    -0.00397
1    3    4    4    5    2    -0.03524
1    4    5    4    5    2    -0.06871
1    1    1    1    1    4    -0.19683
1    1    1    1    2    4    -0.03968
1    1    2    1    2    4    0.03564
1    2    2    1    2    4    0.00936
1    1    1    1    3    4    -0.07015
1    1    2    1    3    4    0.07376
1    1    3    1    3    4    -0.16031
1    2    2    1    3    4    -0.09304
1    2    3    1    3    4    -0.09681
1    3    3    1    3    4    -0.10564
1    1    6    1    6    4    -0.20213
1    1    6    1    7    4    -0.06121
1    1    7    1    7    4    -0.17062
1    2    7    1    7    4    -0.02897
1    3    7    1    7    4    -0.07915
1    1    1    2    2    4    -0.07374
1    2    2    2    2    4    -0.22811
1    1    1    2    3    4    -0.11252
1    1    2    2    3    4    0.05813
1    2    2    2    3    4    -0.03115
1    2    3    2    3    4    -0.02568
1    3    3    2    3    4    -0.16492
1    1    1    2    4    4    -0.18771
1    1    2    2    4    4    0.08518
1    1    3    2    4    4    -0.14216
1    2    2    2    4    4    -0.18469
1    2    3    2    4    4    0.00917
1    2    4    2    4    4    -0.28463
1    3    3    2    4    4    -0.23333
1    3    4    2    4    4    0.21086
1    4    4    2    4    4    -0.12848
1    1    6    2    7    4    -0.11264
1    2    7    2    7    4    -0.1565
1    3    7    2    7    4    -0.09931
1    1    1    3    3    4    -0.08546
1    1    2    3    3    4    0.02217
1    2    2    3    3    4    -0.15503
1    3    3    3    3    4    -0.097
1    1    1    3    4    4    0.00302
1    1    2    3    4    4    0.0291
1    1    3    3    4    4    0.07225
1    2    2    3    4    4    0.08707
1    2    3    3    4    4    0.11207
1    3    3    3    4    4    0.01463
1    3    4    3    4    4    0.00598
1    4    4    3    4    4    0.01106
1    1    1    3    5    4    -0.04266
1    1    2    3    5    4    -0.01487
1    1    3    3    5    4    -0.10468
1    2    2    3    5    4    -0.15375
1    2    3    3    5    4    -0.16869
1    2    4    3    5    4    -0.3848
1    3    3    3    5    4    -0.06182
1    3    4    3    5    4    0.08236
1    3    5    3    5    4    -0.11677
1    4    4    3    5    4    -0.0455
1    4    5    3    5    4    -0.12313
1    1    6    3    7    4    -0.10664
1    3    7    3    7    4    -0.18543
1    1    1    4    4    4    -0.04114
1    1    2    4    4    4    0.00315
1    1    3    4    4    4    -0.05096
1    2    2    4    4    4    -0.08431
1    2    3    4    4    4    -0.03875
1    3    3    4    4    4    -0.04254
1    4    4    4    4    4    -0.212
1    1    1    4    5    4    -0.08911
1    1    2    4    5    4    0.02585
1    1    3    4    5    4    -0.078
1    2    2    4    5    4    -0.09125
1    2    3    4    5    4    -0.04651
1    2    4    4    5    4    -0.11249
1    3    3    4    5    4    -0.09793
1    3    4    4    5    4    0.07519
1    4    4    4    5    4    -0.22342
1    4    5    4    5    4    -0.36998
1    1    1    6    6    4    0.18777
1    1    2    6    6    4    -0.1414
1    1    3    6    6    4    0.33281
1    2    2    6    6    4    0.15817
1    2    3    6    6    4    0.00838
1    2    4    6    6    4    0.11687
1    3    3    6    6    4    0.09754
1    3    4    6    6    4    -0.10123
1    3    5    6    6    4    0.15622
1    4    4    6    6    4    0.07963
1    4    5    6    6    4    0.08538
1    6    6    6    6    4    -0.27812
1    1    1    6    7    4    0.1423
1    1    2    6    7    4    -0.05448
1    1    3    6    7    4    0.49598
1    2    2    6    7    4    0.15359
1    2    3    6    7    4    0.0553
1    2    4    6    7    4    0.20607
1    3    3    6    7    4    0.16798
1    3    4    6    7    4    -0.08377
1    3    5    6    7    4    0.19175
1    4    4    6    7    4    0.08547
1    4    5    6    7    4    0.12023
1    6    6    6    7    4    -0.12535
1    6    7    6    7    4    -0.20788
1    7    7    6    7    4    -0.14432
1    1    1    7    7    4    0.05102
1    1    2    7    7    4    0.01822
1    1    3    7    7    4    -0.00751
1    2    2    7    7    4    0.18184
1    2    3    7    7    4    -0.00917
1    2    4    7    7    4    0.15206
1    3    3    7    7    4    0.11805
1    3    4    7    7    4    -0.12421
1    3    5    7    7    4    0.20119
1    4    4    7    7    4    0.10276
1    4    5    7    7    4    0.11311
1    6    6    7    7    4    -0.13109
1    7    7    7    7    4    -0.19409
1    1    2    1    2    6    -0.09189
1    1    2    1    3    6    0.02187
1    1    3    1    3    6    -0.06278
1    2    3    1    3    6    -0.01353
1    1    2    1    4    6    -0.05933
1    1    3    1    4    6    -0.01889
1    1    4    1    4    6    -0.06295
1    2    3    1    4    6    -0.03021
1    2    4    1    4    6    0.0104
1    3    4    1    4    6    -0.006
1    1    6    1    6    6    -0.08123
1    2    6    1    6    6    0.00851
1    1    6    1    7    6    -0.09531
1    1    7    1    7    6    0.0951
1    2    6    1    7    6    0.15014
1    2    7    1    7    6    0.0013
1    3    7    1    7    6    -0.01323
1    4    7    1    7    6    0.04827
1    1    2    2    3    6    -0.02054
1    2    3    2    3    6    -0.09309
1    1    2    2    4    6    -0.00991
1    1    3    2    4    6    -0.01093
1    2    3    2    4    6    -0.03695
1    2    4    2    4    6    -0.05663
1    3    4    2    4    6    -0.02857
1    1    2    2    5    6    0.00374
1    1    3    2    5    6    0.01182
1    1    4    2    5    6    -0.02444
1    2    3    2    5    6    0.00319
1    2    4    2    5    6    0.04606
1    2    5    2    5    6    -0.06301
1    3    4    2    5    6    -0.00587
1    3    5    2    5    6    -0.02109
1    2    6    2    6    6    -0.26606
1    1    6    2    7    6    0.03397
1    2    6    2    7    6    -0.15879
1    2    7    2    7    6    -0.21284
1    3    7    2    7    6    0.03286
1    4    7    2    7    6    -0.17258
1    1    2    3    4    6    -0.01689
1    1    3    3    4    6    -0.01094
1    2    3    3    4    6    -0.03557
1    3    4    3    4    6    -0.06846
1    1    2    3    5    6    -0.00726
1    1    3    3    5    6    -0.00607
1    1    4    3    5    6    -0.00115
1    2    3    3    5    6    0.01289
1    2    4    3    5    6    0.01312
1    3    4    3    5    6    -0.02861
1    3    5    3    5    6    -0.0334
1    1    6    3    7    6    -0.06777
1    2    6    3    7    6    0.04556
1    3    7    3    7    6    -0.09238
1    4    7    3    7    6    0.06638
1    1    6    4    7    6    0.06334
1    2    6    4    7    6    -0.14296
1    4    7    4    7    6    -0.23784
1    1    2    6    7    6    0.04611
1    1    3    6    7    6    -0.06744
1    1    4    6    7    6    -0.02269
1    2    3    6    7    6    0.01329
1    2    4    6    7    6    0.00896
1    2    5    6    7    6    0.00097
1    3    4    6    7    6    0.00452
1    3    5    6    7    6    -0.00922
1    6    7    6    7    6    -0.09959
1    1    1    1    1    8    -0.09541
1    1    1    1    2    8    0.00765
1    1    2    1    2    8    0.01448
1    2    2    1    2    8    0.0136
1    1    1    1    3    8    -0.04873
1    1    2    1    3    8    0.07372
1    1    3    1    3    8    -0.07633
1    2    2    1    3    8    -0.04336
1    2    3    1    3    8    -0.05654
1    3    3    1    3    8    -0.03515
1    1    1    1    4    8    -0.00813
1    1    2    1    4    8    -0.038
1    1    3    1    4    8    0.0346
1    1    4    1    4    8    -0.02668
1    2    2    1    4    8    0.04338
1    2    3    1    4    8    0.03992
1    2    4    1    4    8    0.03278
1    3    3    1    4    8    0.03297
1    3    4    1    4    8    -0.04724
1    1    1    1    5    8    -0.01132
1    1    2    1    5    8    0.09493
1    1    3    1    5    8    -0.05059
1    1    4    1    5    8    0.07188
1    1    5    1    5    8    -0.09264
1    2    2    1    5    8    -0.08407
1    2    3    1    5    8    -0.06199
1    2    4    1    5    8    -0.04183
1    2    5    1    5    8    -0.07648
1    3    3    1    5    8    -0.04485
1    3    4    1    5    8    0.07076
1    1    6    1    6    8    -0.09228
1    2    6    1    6    8    0.05364
1    3    6    1    6    8    -0.00666
1    1    6    1    7    8    -0.03372
1    1    7    1    7    8    -0.0879
1    2    6    1    7    8    0.04726
1    2    7    1    7    8    -0.01305
1    3    6    1    7    8    -0.00786
1    3    7    1    7    8    -0.02339
1    4    7    1    7    8    -0.01467
1    5    7    1    7    8    -0.01866
1    1    1    2    2    8    -0.04247
1    2    2    2    2    8    -0.11726
1    1    1    2    3    8    -0.08202
1    1    2    2    3    8    0.04939
1    2    2    2    3    8    -0.12508
1    2    3    2    3    8    -0.09568
1    3    3    2    3    8    -0.13808
1    1    1    2    4    8    -0.06205
1    1    2    2    4    8    0.04004
1    1    3    2    4    8    -0.03854
1    2    2    2    4    8    -0.08335
1    2    3    2    4    8    -0.06394
1    2    4    2    4    8    -0.11875
1    3    3    2    4    8    -0.09012
1    3    4    2    4    8    0.27436
1    1    1    2    5    8    -0.10511
1    1    2    2    5    8    0.07057
1    1    3    2    5    8    -0.04547
1    1    4    2    5    8    0.03455
1    2    2    2    5    8    -0.129
1    2    3    2    5    8    -0.03356
1    2    4    2    5    8    -0.13773
1    2    5    2    5    8    -0.2162
1    3    3    2    5    8    -0.12453
1    3    4    2    5    8    0.27975
1    2    6    2    6    8    -0.08434
1    3    6    2    6    8    -0.0395
1    1    6    2    7    8    -0.02643
1    2    6    2    7    8    -0.00475
1    2    7    2    7    8    -0.0422
1    3    6    2    7    8    -0.0072
1    3    7    2    7    8    -0.00676
1    4    7    2    7    8    -0.02129
1    5    7    2    7    8    -0.01412
1    1    1    3    3    8    -0.03541
1    1    2    3    3    8    0.01418
1    2    2    3    3    8    -0.08652
1    3    3    3    3    8    -0.01988
1    1    1    3    4    8    0.03645
1    1    2    3    4    8    0.00309
1    1    3    3    4    8    0.08243
1    2    2    3    4    8    0.07848
1    2    3    3    4    8    0.19088
1    3    3    3    4    8    0.02186
1    3    4    3    4    8    -0.19859
1    3    6    3    6    8    -0.06947
1    1    6    3    7    8    -0.04141
1    2    6    3    7    8    0.00848
1    3    6    3    7    8    0.01585
1    3    7    3    7    8    -0.08256
1    4    7    3    7    8    0.02463
1    5    7    3    7    8    -0.01176
1    1    6    4    7    8    0.01123
1    2    6    4    7    8    -0.00231
1    3    6    4    7    8    -0.01558
1    4    7    4    7    8    -0.04753
1    5    7    4    7    8    -0.03596
1    1    6    5    7    8    -0.00642
1    2    6    5    7    8    0.00487
1    3    6    5    7    8    -0.00436
1    5    7    5    7    8    -0.03975
1    1    1    6    6    8    0.1185
1    1    2    6    6    8    -0.08041
1    1    3    6    6    8    0.11514
1    1    4    6    6    8    -0.05233
1    1    5    6    6    8    0.0778
1    2    2    6    6    8    0.07832
1    2    3    6    6    8    0.06664
1    2    4    6    6    8    0.07065
1    2    5    6    6    8    0.07393
1    3    3    6    6    8    0.05373
1    3    4    6    6    8    -0.102
1    6    6    6    6    8    -0.14945
1    1    1    6    7    8    0.06862
1    1    2    6    7    8    -0.10845
1    1    3    6    7    8    0.18653
1    1    4    6    7    8    -0.14535
1    1    5    6    7    8    0.2243
1    2    2    6    7    8    0.07457
1    2    3    6    7    8    0.07364
1    2    4    6    7    8    0.07736
1    2    5    6    7    8    0.08268
1    3    3    6    7    8    0.06655
1    3    4    6    7    8    -0.11991
1    6    6    6    7    8    -0.08907
1    6    7    6    7    8    -0.12583
1    7    7    6    7    8    -0.06244
1    1    1    7    7    8    0.03106
1    1    2    7    7    8    0.01229
1    1    3    7    7    8    0.00001
1    1    4    7    7    8    -0.00322
1    1    5    7    7    8    0.01997
1    2    2    7    7    8    0.09636
1    2    3    7    7    8    0.07865
1    2    4    7    7    8    0.0902
1    2    5    7    7    8    0.10761
1    3    3    7    7    8    0.06824
1    3    4    7    7    8    -0.12651
1    6    6    7    7    8    -0.06626
1    7    7    7    7    8    -0.10357
1    1    2    1    2    10    -0.07359
1    1    2    1    3    10    -0.00575
1    1    3    1    3    10    -0.02581
1    2    3    1    3    10    -0.01548
1    1    2    1    4    10    -0.042
1    1    3    1    4    10    0.00061
1    1    4    1    4    10    -0.03621
1    2    3    1    4    10    -0.01728
1    2    4    1    4    10    0.02125
1    1    2    1    5    10    -0.01928
1    1    3    1    5    10    -0.02523
1    1    4    1    5    10    -0.02335
1    1    5    1    5    10    -0.02819
1    2    3    1    5    10    -0.01644
1    2    4    1    5    10    0.01408
1    1    6    1    6    10    -0.04939
1    2    6    1    6    10    0.03574
1    3    6    1    6    10    0.00781
1    4    6    1    6    10    -0.01941
1    1    6    1    7    10    -0.08611
1    1    7    1    7    10    0.0268
1    2    6    1    7    10    0.11159
1    2    7    1    7    10    0.00386
1    3    6    1    7    10    -0.07098
1    3    7    1    7    10    -0.01495
1    4    6    1    7    10    0.12702
1    4    7    1    7    10    0.01712
1    5    7    1    7    10    -0.04127
1    1    2    2    3    10    -0.00776
1    2    3    2    3    10    -0.09733
1    1    2    2    4    10    -0.01427
1    1    3    2    4    10    -0.01936
1    2    3    2    4    10    -0.01095
1    2    4    2    4    10    -0.06625
1    2    6    2    6    10    -0.1229
1    3    6    2    6    10    0.05713
1    4    6    2    6    10    -0.12662
1    1    6    2    7    10    0.05292
1    2    6    2    7    10    -0.07396
1    2    7    2    7    10    -0.13966
1    3    6    2    7    10    0.04557
1    3    7    2    7    10    0.10571
1    4    6    2    7    10    -0.08823
1    4    7    2    7    10    -0.0932
1    5    7    2    7    10    0.13375
1    3    6    3    6    10    -0.03102
1    4    6    3    6    10    0.07873
1    1    6    3    7    10    -0.06622
1    2    6    3    7    10    0.05208
1    3    6    3    7    10    -0.02508
1    3    7    3    7    10    -0.12959
1    4    6    3    7    10    0.09259
1    4    7    3    7    10    0.07671
1    5    7    3    7    10    -0.08827
1    4    6    4    6    10    -0.18015
1    1    6    4    7    10    0.04403
1    2    6    4    7    10    -0.05133
1    3    6    4    7    10    0.03433
1    4    6    4    7    10    -0.07332
1    4    7    4    7    10    -0.08368
1    5    7    4    7    10    0.1146
1    1    6    5    7    10    -0.05006
1    2    6    5    7    10    0.05611
1    3    6    5    7    10    -0.04392
1    4    6    5    7    10    0.07919
1    5    7    5    7    10    -0.18416
1    1    2    6    7    10    0.02457
1    1    3    6    7    10    -0.01678
1    1    4    6    7    10    0.01255
1    1    5    6    7    10    -0.00838
1    2    3    6    7    10    0.0039
1    2    4    6    7    10    0.00472
1    6    7    6    7    10    -0.03025
1    1    1    1    1    12    -0.04957
1    1    1    1    2    12    0.01635
1    1    2    1    2    12    -0.05869
1    2    2    1    2    12    0.01052
1    1    1    1    3    12    -0.02282
1    1    2    1    3    12    0.09543
1    1    3    1    3    12    -0.02484
1    2    2    1    3    12    -0.02458
1    2    3    1    3    12    -0.0495
1    1    1    1    4    12    -0.01371
1    1    2    1    4    12    -0.12598
1    1    3    1    4    12    0.05574
1    1    4    1    4    12    -0.15483
1    2    2    1    4    12    0.07452
1    2    3    1    4    12    0.14108
1    1    6    1    6    12    -0.09118
1    2    6    1    6    12    0.03818
1    3    6    1    6    12    -0.02441
1    4    6    1    6    12    0.01472
1    5    6    1    6    12    -0.00155
1    1    6    1    7    12    -0.01695
1    1    7    1    7    12    -0.07301
1    2    6    1    7    12    0.02547
1    2    7    1    7    12    -0.00912
1    3    6    1    7    12    -0.02343
1    3    7    1    7    12    -0.00807
1    4    6    1    7    12    0.02006
1    4    7    1    7    12    -0.00925
1    5    6    1    7    12    -0.0044
1    1    1    2    2    12    -0.02323
1    2    2    2    2    12    -0.06089
1    1    1    2    3    12    -0.09651
1    1    2    2    3    12    0.06445
1    2    2    2    3    12    -0.21971
1    2    3    2    3    12    -0.50937
1    2    6    2    6    12    -0.03195
1    3    6    2    6    12    0.00005
1    4    6    2    6    12    -0.02707
1    5    6    2    6    12    -0.02025
1    1    6    2    7    12    -0.0147
1    2    6    2    7    12    0.00393
1    2    7    2    7    12    -0.02155
1    3    6    2    7    12    0.00142
1    3    7    2    7    12    -0.00507
1    4    6    2    7    12    0.00022
1    4    7    2    7    12    -0.006
1    5    6    2    7    12    0.00196
1    3    6    3    6    12    -0.04148
1    4    6    3    6    12    0.00688
1    5    6    3    6    12    -0.02577
1    1    6    3    7    12    -0.0283
1    2    6    3    7    12    0.00642
1    3    6    3    7    12    0.00743
1    3    7    3    7    12    -0.0797
1    4    6    3    7    12    0.00517
1    4    7    3    7    12    0.00328
1    5    6    3    7    12    0.00431
1    4    6    4    6    12    -0.02886
1    5    6    4    6    12    -0.02057
1    1    6    4    7    12    0.00141
1    2    6    4    7    12    0.00222
1    3    6    4    7    12    -0.00595
1    4    6    4    7    12    0.00825
1    4    7    4    7    12    -0.04855
1    5    6    4    7    12    0.00266
1    5    6    5    6    12    -0.0219
1    1    1    6    6    12    0.08732
1    1    2    6    6    12    -0.0754
1    1    3    6    6    12    0.06349
1    1    4    6    6    12    -0.05488
1    2    2    6    6    12    0.04669
1    2    3    6    6    12    0.11159
1    6    6    6    6    12    -0.09994
1    1    1    6    7    12    0.04573
1    1    2    6    7    12    -0.13356
1    1    3    6    7    12    0.10792
1    1    4    6    7    12    -0.19966
1    2    2    6    7    12    0.04073
1    2    3    6    7    12    0.10692
1    6    6    6    7    12    -0.06143
1    6    7    6    7    12    -0.09347
1    7    7    6    7    12    -0.03271
1    1    1    7    7    12    0.01897
1    1    2    7    7    12    0.01899
1    1    3    7    7    12    -0.00279
1    1    4    7    7    12    -0.01214
1    2    2    7    7    12    0.06001
1    2    3    7    7    12    0.1546
1    6    6    7    7    12    -0.04215
1    7    7    7    7    12    -0.06556
1    1    2    1    2    14    -0.07333
1    1    2    1    3    14    -0.03614
1    1    3    1    3    14    -0.04536
1    1    6    1    6    14    -0.09703
1    2    6    1    6    14    0.06441
1    3    6    1    6    14    -0.02974
1    4    6    1    6    14    0.01565
1    5    6    1    6    14    -0.00311
1    1    6    1    7    14    -0.09144
1    1    7    1    7    14    -0.05239
1    2    6    1    7    14    0.11808
1    2    7    1    7    14    -0.00236
1    3    6    1    7    14    -0.1267
1    3    7    1    7    14    -0.01267
1    4    6    1    7    14    0.1103
1    5    6    1    7    14    -0.13908
1    2    6    2    6    14    -0.08354
1    3    6    2    6    14    0.08832
1    4    6    2    6    14    -0.06789
1    5    6    2    6    14    0.09967
1    1    6    2    7    14    0.05841
1    2    6    2    7    14    -0.03532
1    2    7    2    7    14    -0.07484
1    3    6    2    7    14    0.0475
1    3    7    2    7    14    0.19278
1    4    6    2    7    14    -0.03897
1    5    6    2    7    14    0.05216
1    3    6    3    6    14    -0.08444
1    4    6    3    6    14    0.07595
1    5    6    3    6    14    -0.09259
1    1    6    3    7    14    -0.12496
1    2    6    3    7    14    0.06709
1    3    6    3    7    14    -0.07396
1    3    7    3    7    14    -0.45381
1    4    6    3    7    14    0.08895
1    5    6    3    7    14    -0.12086
1    4    6    4    6    14    -0.05597
1    5    6    4    6    14    0.09234
1    5    6    5    6    14    -0.13435
1    1    2    6    7    14    0.01683
1    1    3    6    7    14    0.00302
1    6    7    6    7    14    -0.01509
1    1    1    1    1    16    -0.00267
1    1    1    1    2    16    0.00236
1    1    2    1    2    16    -0.30932
1    1    6    1    6    16    -0.09436
1    2    6    1    6    16    0.02098
1    3    6    1    6    16    -0.03328
1    4    6    1    6    16    -0.00083
1    1    6    1    7    16    -0.00402
1    1    7    1    7    16    -0.07555
1    2    6    1    7    16    0.0161
1    2    7    1    7    16    -0.015
1    3    6    1    7    16    -0.02855
1    4    6    1    7    16    0.00376
1    2    6    2    6    16    -0.02051
1    3    6    2    6    16    -0.00485
1    4    6    2    6    16    -0.02533
1    1    6    2    7    16    -0.00859
1    2    6    2    7    16    0.01408
1    2    7    2    7    16    -0.03258
1    3    6    2    7    16    0.00282
1    4    6    2    7    16    0.00688
1    3    6    3    6    16    -0.04174
1    4    6    3    6    16    -0.01031
1    4    6    4    6    16    -0.03333
1    1    1    6    6    16    0.0643
1    1    2    6    6    16    -0.09917
1    6    6    6    6    16    -0.07398
1    1    1    6    7    16    0.03042
1    1    2    6    7    16    -0.20584
1    6    6    6    7    16    -0.04235
1    6    7    6    7    16    -0.06735
1    7    7    6    7    16    -0.0143
1    1    1    7    7    16    0.00645
1    1    2    7    7    16    0.04972
1    6    6    7    7    16    -0.02719
1    7    7    7    7    16    -0.0325
1    1    6    1    6    18    -0.21562
1    2    6    1    6    18    0.08475
1    3    6    1    6    18    -0.13737
1    1    6    1    7    18    -0.12972
1    1    7    1    7    18    -0.31966
1    2    6    1    7    18    0.16149
1    3    6    1    7    18    -0.36058
1    2    6    2    6    18    -0.042
1    3    6    2    6    18    0.13562
1    3    6    3    6    18    -0.31032
1    6    7    6    7    18    -0.01698
1    1    6    1    6    20    -0.10261
1    2    6    1    6    20    -0.01101
1    2    6    2    6    20    -0.04195
1    6    6    6    6    20    -0.05323
1    6    6    6    7    20    -0.02492
1    6    7    6    7    20    -0.0321
1    1    6    1    6    22    -0.73148
1    6    7    6    7    22    -0.04821
1    6    6    6    6    24    -0.01965
2    1    7    1    7    0       -1.40291806958501119595
2    1    7    1    7    2        1.34623451121755310922
2    1    7    1    7    4       -1.23286739448362947513
2    1    7    1    7    6        1.06281671938237298747
2    1    7    1    7    8       -0.83608248591409717321
2    1    7    1    7   10        0.55266469407879081910
2    1    7    1    7   12       -0.21256334387660283380
2    1    7    1    7   14       -0.18422156469300021708
2    1    7    1    7   16        0.63769003162939996709
2    1    7    1    7   18       -1.14784205693305474405
2    1    7    2    7    2        4.84984074887895832973
2    1    7    2    7    4       -8.20703739935664700056
2    1    7    2    7    6       11.18430671820182631393
2    1    7    2    7    8      -13.67839566559435482418
2    1    7    2    7   10       15.50984282807432101947
2    1    7    2    7   12      -16.41407479871323715770
2    1    7    2    7   14       15.95161342494829348482
2    1    7    2    7   16      -13.16053804664262472102
2    2    7    2    7    2        9.43072702331949486165
2    2    7    2    7    4      -28.29218106995904236101
2    2    7    2    7    6       56.58436213991762286923
2    2    7    2    7    8      -94.30727023319633417486
2    2    7    2    7   10      141.46090534979430231033
2    2    7    2    7   12     -198.04526748971215965867
2    2    7    2    7   14      264.06035665294933778569
2    2    7    2    7   16     -339.50617283950634828216

efcstrength3
1.0

pnefc
1    1    2    1    2    0    -0.6475
1    1    2    2    3    0    0.333495
1    2    3    2    3    0    -0.722105
1    1    2    3    4    0    -0.2579
1    2    3    3    4    0    0.52142
1    3    4    3    4    0    -0.46094
1    1    2    4    5    0    0.149865
1    2    3    4    5    0    -0.34271
1    3    4    4    5    0    0.27097
1    4    5    4    5    0    -0.51163
1    6    2    6    2    0    -0.42265
1    1    1    1    1    2    -0.013965
1    1    1    1    2    2    0.152945
1    1    2    1    2    2    -0.39703
1    2    2    1    2    2    -0.001025
1    1    1    1    3    2    -0.09779
1    1    2    1    3    2    0.24945
1    1    3    1    3    2    -0.0933
1    2    2    1    3    2    -0.00851
1    2    3    1    3    2    0.02436
1    3    3    1    3    2    -0.080625
1    1    7    1    7    2    -0.44968
1    5    1    1    7    2    0.13994
1    6    2    1    7    2    0.02162333
1    6    3    1    7    2    0.02964
1    1    1    2    2    2    -0.144615
1    2    2    2    2    2    -0.210865
1    1    1    2    3    2    -0.135135
1    1    2    2    3    2    0.003385
1    2    2    2    3    2    0.324505
1    2    3    2    3    2    -0.509585
1    3    3    2    3    2    -0.307905
1    1    1    2    4    2    -0.100615
1    1    2    2    4    2    -0.00674
1    1    3    2    4    2    0.060285
1    2    2    2    4    2    -0.091775
1    2    3    2    4    2    0.010495
1    2    4    2    4    2    -0.14167
1    3    3    2    4    2    -0.073925
1    3    4    2    4    2    -0.219875
1    4    4    2    4    2    0.01399
1    1    1    3    3    2    -0.03636
1    1    2    3    3    2    0.01654
1    2    2    3    3    2    -0.08621
1    3    3    3    3    2    -0.025105
1    1    1    3    4    2    0.08176
1    1    2    3    4    2    -0.01311
1    1    3    3    4    2    0.06679
1    2    2    3    4    2    0.02322
1    2    3    3    4    2    0.022695
1    3    3    3    4    2    0.02645
1    3    4    3    4    2    -0.30015
1    4    4    3    4    2    -0.03716
1    1    1    3    5    2    -0.05126
1    1    2    3    5    2    0.003135
1    1    3    3    5    2    -0.05075
1    2    2    3    5    2    -0.05978
1    2    3    3    5    2    -0.04716
1    2    4    3    5    2    0.10323
1    3    3    3    5    2    -0.05071
1    3    4    3    5    2    0.15693
1    3    5    3    5    2    -0.05975
1    4    4    3    5    2    -0.04389
1    4    5    3    5    2    0.056055
1    1    1    4    4    2    -0.07521
1    1    2    4    4    2    -0.005005
1    1    3    4    4    2    -0.02552
1    2    2    4    4    2    -0.095735
1    2    3    4    4    2    0.013115
1    3    3    4    4    2    -0.01724
1    4    4    4    4    2    -0.213835
1    1    1    4    5    2    -0.0474
1    1    2    4    5    2    0.01051
1    1    3    4    5    2    0.018255
1    2    2    4    5    2    0.00541
1    2    3    4    5    2    -0.047605
1    2    4    4    5    2    -0.02785
1    3    3    4    5    2    -0.08437
1    3    4    4    5    2    0.05525
1    4    4    4    5    2    0.1651
1    4    5    4    5    2    -0.33058
1    5    1    5    1    2    -1.031815
1    1    1    5    6    2    0.17727
1    1    2    5    6    2    -0.04312
1    1    3    5    6    2    0.376595
1    2    2    5    6    2    0.15948
1    2    3    5    6    2    -0.07492
1    2    4    5    6    2    0.13873
1    3    3    5    6    2    0.16519
1    3    4    5    6    2    -0.04155
1    3    5    5    6    2    0.151805
1    4    4    5    6    2    0.107185
1    4    5    5    6    2    0.061985
1    5    6    5    6    2    -0.080645
1    1    1    5    7    2    -0.15178
1    1    2    5    7    2    0.23424
1    1    3    5    7    2    -0.101915
1    2    2    5    7    2    0.10145
1    2    3    5    7    2    0.093895
1    2    4    5    7    2    0.111195
1    3    3    5    7    2    0.141225
1    3    4    5    7    2    0.061445
1    3    5    5    7    2    -0.00514
1    4    4    5    7    2    0.02944
1    4    5    5    7    2    0.07651
1    5    6    5    7    2    -0.144145
1    5    7    5    7    2    -0.095485
1    6    7    5    7    2    -0.09145
1    5    1    6    2    2    0.36147299
1    6    2    6    2    2    0.03286
1    5    1    6    3    2    -0.532785
1    6    2    6    3    2    0.54126903
1    6    3    6    3    2    -0.753175
1    1    1    6    7    2    0.10396
1    1    2    6    7    2    0.11233
1    1    3    6    7    2    -0.23465
1    2    2    6    7    2    0.108575
1    2    3    6    7    2    -0.16675
1    2    4    6    7    2    0.125335
1    3    3    6    7    2    0.070155
1    3    4    6    7    2    -0.11589
1    3    5    6    7    2    0.18945
1    4    4    6    7    2    0.14951
1    4    5    6    7    2    0.024785
1    5    6    6    7    2    -0.069945
1    6    7    6    7    2    -0.11493
1    1    1    1    1    4    -0.045835
1    2    1    1    1    4    0.15107
1    1    1    1    2    4    -0.082875
1    1    2    1    2    4    -0.35667
1    2    1    1    2    4    0.03204
1    2    2    1    2    4    0.00608
1    3    2    1    2    4    -0.09868
1    1    1    1    3    4    -0.00078
1    1    2    1    3    4    -0.057915
1    1    3    1    3    4    -0.0188
1    2    1    1    3    4    0.25623
1    2    2    1    3    4    0.042485
1    2    3    1    3    4    -0.007425
1    3    2    1    3    4    0.058805
1    3    3    1    3    4    -0.072395
1    4    3    1    3    4    0.058565
1    1    1    1    4    4    0.05307
1    1    2    1    4    4    -0.17923
1    1    3    1    4    4    -0.106275
1    1    4    1    4    4    -0.37299
1    2    1    1    4    4    0.254215
1    2    2    1    4    4    0.10214
1    2    3    1    4    4    0.035745
1    2    4    1    4    4    -0.011155
1    3    2    1    4    4    0.0125
1    3    3    1    4    4    -0.13787
1    3    4    1    4    4    -0.066905
1    4    3    1    4    4    0.09952
1    4    4    1    4    4    -0.042335
1    1    7    1    7    4    -0.388175
1    2    7    1    7    4    0.00689
1    5    1    1    7    4    0.16813
1    5    2    1    7    4    -0.035625
1    6    2    1    7    4    0.02011012
1    6    3    1    7    4    0.060055
1    6    4    1    7    4    0.052025
1    2    1    2    1    4    -0.61148
1    1    1    2    2    4    0.05355
1    2    1    2    2    4    -0.024825
1    2    2    2    2    4    -0.1384
1    3    2    2    2    4    -0.42253
1    1    1    2    3    4    0.04681
1    1    2    2    3    4    0.028215
1    2    1    2    3    4    -0.173135
1    2    2    2    3    4    0.21413
1    2    3    2    3    4    -0.364365
1    3    2    2    3    4    0.117005
1    3    3    2    3    4    0.146395
1    4    3    2    3    4    -0.24231
1    1    1    2    4    4    0.004705
1    1    2    2    4    4    -0.09066
1    1    3    2    4    4    -0.00437
1    2    1    2    4    4    -0.03574
1    2    2    2    4    4    -0.12946
1    2    3    2    4    4    -0.02509
1    2    4    2    4    4    -0.184915
1    3    2    2    4    4    -0.201035
1    3    3    2    4    4    0.07549
1    3    4    2    4    4    -0.201675
1    4    3    2    4    4    -0.128815
1    4    4    2    4    4    -0.169955
1    1    1    2    5    4    -0.02236
1    1    2    2    5    4    0.10787
1    1    3    2    5    4    0.0461
1    1    4    2    5    4    0.03492
1    2    1    2    5    4    -0.04883
1    2    2    2    5    4    0.1643
1    2    3    2    5    4    -0.042715
1    2    4    2    5    4    0.319055
1    2    5    2    5    4    -0.388105
1    3    2    2    5    4    0.18461
1    3    3    2    5    4    -0.111735
1    3    4    2    5    4    0.113875
1    3    5    2    5    4    0.11553
1    4    3    2    5    4    -0.03601
1    4    4    2    5    4    0.13057
1    2    7    2    7    4    -0.10818
1    5    1    2    7    4    -0.038705
1    5    2    2    7    4    -0.06175
1    6    2    2    7    4    -0.05935454
1    6    3    2    7    4    0.06901
1    6    4    2    7    4    -0.094385
1    1    1    3    2    4    -0.09991
1    2    1    3    2    4    0.04687
1    3    2    3    2    4    -0.683225
1    1    1    3    3    4    -0.000335
1    1    2    3    3    4    -0.045185
1    2    1    3    3    4    0.136105
1    2    2    3    3    4    0.32767
1    3    2    3    3    4    0.034155
1    3    3    3    3    4    -0.10316
1    4    3    3    3    4    0.18365
1    1    1    3    4    4    -0.04528
1    1    2    3    4    4    -0.09155
1    1    3    3    4    4    -0.043135
1    2    1    3    4    4    0.06951
1    2    2    3    4    4    -0.02877
1    2    3    3    4    4    0.066085
1    3    2    3    4    4    -0.16516
1    3    3    3    4    4    -0.056375
1    3    4    3    4    4    -0.198875
1    4    3    3    4    4    0.03392
1    4    4    3    4    4    -0.018645
1    1    1    3    5    4    0.004495
1    1    2    3    5    4    -0.052655
1    1    3    3    5    4    -0.04085
1    1    4    3    5    4    -0.078375
1    2    1    3    5    4    0.163975
1    2    2    3    5    4    0.01623
1    2    3    3    5    4    0.131695
1    2    4    3    5    4    0.14231
1    3    2    3    5    4    -0.0026
1    3    3    3    5    4    -0.09564
1    3    4    3    5    4    -0.194605
1    3    5    3    5    4    -0.295495
1    4    3    3    5    4    0.260085
1    4    4    3    5    4    0.134365
1    1    1    4    3    4    0.057875
1    1    2    4    3    4    0.04617
1    2    1    4    3    4    -0.19245
1    2    2    4    3    4    -0.02698
1    3    2    4    3    4    0.072145
1    4    3    4    3    4    -0.387565
1    1    1    4    4    4    -0.058215
1    1    2    4    4    4    -0.027405
1    1    3    4    4    4    0.02819
1    2    1    4    4    4    0.005225
1    2    2    4    4    4    -0.095595
1    2    3    4    4    4    0.158025
1    3    2    4    4    4    -0.300445
1    3    3    4    4    4    -0.084595
1    4    3    4    4    4    0.03073
1    4    4    4    4    4    -0.679705
1    5    1    5    1    4    -0.76671
1    5    1    5    2    4    -0.163185
1    5    2    5    2    4    -0.14869
1    6    2    5    2    4    -0.111935
1    1    1    5    6    4    -0.609265
1    1    2    5    6    4    0.004655
1    1    3    5    6    4    -0.091995
1    1    4    5    6    4    0.04026
1    2    1    5    6    4    0.082385
1    2    2    5    6    4    0.029385
1    2    3    5    6    4    -0.08279
1    2    4    5    6    4    0.017775
1    2    5    5    6    4    -0.07804
1    3    2    5    6    4    0.092765
1    3    3    5    6    4    -0.11246
1    3    4    5    6    4    0.015125
1    3    5    5    6    4    -0.009315
1    4    3    5    6    4    0.018145
1    4    4    5    6    4    0.03489
1    5    6    5    6    4    -0.078855
1    1    1    5    7    4    0.048565
1    1    2    5    7    4    0.1325
1    1    3    5    7    4    -0.277095
1    1    4    5    7    4    -0.055
1    2    1    5    7    4    0.116225
1    2    2    5    7    4    0.078975
1    2    3    5    7    4    -0.01748
1    2    4    5    7    4    0.049085
1    2    5    5    7    4    -0.059945
1    3    2    5    7    4    0.13225
1    3    3    5    7    4    -0.0649
1    3    4    5    7    4    0.030355
1    3    5    5    7    4    -0.0493
1    4    3    5    7    4    0.036265
1    4    4    5    7    4    0.068205
1    5    6    5    7    4    -0.03545
1    5    7    5    7    4    -0.041435
1    6    7    5    7    4    -0.084865
1    5    1    6    2    4    -0.01160362
1    6    2    6    2    4    -0.22811
1    5    1    6    3    4    -0.241705
1    5    2    6    3    4    -0.080075
1    6    2    6    3    4    -0.02202638
1    6    3    6    3    4    -0.49126
1    5    1    6    4    4    -0.13605
1    5    2    6    4    4    -0.08824
1    6    2    6    4    4    -0.13059555
1    6    3    6    4    4    -0.1524
1    6    4    6    4    4    -0.15837
1    1    1    6    7    4    -0.090035
1    1    2    6    7    4    -0.01166
1    1    3    6    7    4    0.072215
1    1    4    6    7    4    -0.0545
1    2    1    6    7    4    -0.06109
1    2    2    6    7    4    0.0699
1    2    3    6    7    4    -0.16442
1    2    4    6    7    4    0.08029
1    2    5    6    7    4    -0.143605
1    3    2    6    7    4    0.237315
1    3    3    6    7    4    -0.247175
1    3    4    6    7    4    0.03286
1    3    5    6    7    4    -0.053355
1    4    3    6    7    4    0.03538
1    4    4    6    7    4    0.097555
1    5    6    6    7    4    -0.004235
1    6    7    6    7    4    -0.07478
1    1    1    1    1    6    -0.007755
1    2    1    1    1    6    -0.004925
1    3    1    1    1    6    -0.032585
1    1    1    1    2    6    0.04291
1    1    2    1    2    6    -0.215765
1    2    1    1    2    6    -0.133575
1    2    2    1    2    6    -0.021015
1    3    1    1    2    6    -0.05747
1    3    2    1    2    6    -0.018185
1    4    2    1    2    6    0.011845
1    1    1    1    3    6    -0.02913
1    1    2    1    3    6    0.057875
1    1    3    1    3    6    -0.039085
1    2    1    1    3    6    -0.030975
1    2    2    1    3    6    -0.016385
1    2    3    1    3    6    0.01842
1    3    1    1    3    6    0.00028
1    3    2    1    3    6    0.00548
1    3    3    1    3    6    -0.018185
1    4    2    1    3    6    -0.008205
1    4    3    1    3    6    -0.027875
1    1    1    1    4    6    -0.00688
1    1    2    1    4    6    -0.142675
1    1    3    1    4    6    -0.00328
1    1    4    1    4    6    -0.15033
1    2    1    1    4    6    -0.0406
1    2    2    1    4    6    0.05808
1    2    3    1    4    6    -0.057765
1    2    4    1    4    6    -0.01738
1    3    1    1    4    6    0.06236
1    3    2    1    4    6    -0.07113
1    3    3    1    4    6    0.020645
1    3    4    1    4    6    -0.04797
1    4    2    1    4    6    0.020945
1    4    3    1    4    6    0.01039
1    1    1    1    5    6    0.005945
1    1    2    1    5    6    0.14654
1    1    3    1    5    6    -0.02802
1    1    4    1    5    6    0.073205
1    1    5    1    5    6    -0.04325
1    2    1    1    5    6    -0.01841
1    2    2    1    5    6    -0.09249
1    2    3    1    5    6    0.031055
1    2    4    1    5    6    -0.02259
1    2    5    1    5    6    0.014745
1    3    1    1    5    6    -0.0481
1    3    2    1    5    6    0.0667
1    3    3    1    5    6    -0.032
1    3    4    1    5    6    0.0547
1    4    2    1    5    6    -0.04759
1    4    3    1    5    6    -0.00492
1    1    6    1    6    6    -0.86892
1    5    1    1    6    6    0.17743
1    5    2    1    6    6    -0.2736
1    5    3    1    6    6    0.31657
1    6    2    1    6    6    -0.22927937
1    6    3    1    6    6    0.151865
1    6    4    1    6    6    -0.22486
1    6    5    1    6    6    0.240175
1    1    6    1    7    6    -0.148785
1    1    7    1    7    6    -0.213185
1    2    7    1    7    6    0.01527
1    3    7    1    7    6    -0.025825
1    5    1    1    7    6    0.01673
1    5    2    1    7    6    -0.15417
1    5    3    1    7    6    0.19005
1    6    2    1    7    6    0.02983284
1    6    3    1    7    6    -0.000095
1    6    4    1    7    6    -0.024985
1    6    5    1    7    6    0.043775
1    2    1    2    1    6    -0.26652
1    3    1    2    1    6    -0.15977
1    1    1    2    2    6    -0.052705
1    2    1    2    2    6    0.0057
1    2    2    2    2    6    -0.103025
1    3    1    2    2    6    -0.08739
1    3    2    2    2    6    0.052055
1    4    2    2    2    6    -0.10364
1    1    1    2    3    6    -0.057895
1    1    2    2    3    6    0.02853
1    2    1    2    3    6    -0.09831
1    2    2    2    3    6    -0.0122
1    2    3    2    3    6    -0.30069
1    3    1    2    3    6    -0.105045
1    3    2    2    3    6    -0.236035
1    3    3    2    3    6    -0.09503
1    4    2    2    3    6    0.1076
1    4    3    2    3    6    -0.2627
1    1    1    2    4    6    -0.01608
1    1    2    2    4    6    0.00345
1    1    3    2    4    6    0.01763
1    2    1    2    4    6    -0.025115
1    2    2    2    4    6    -0.03782
1    2    3    2    4    6    0.03411
1    2    4    2    4    6    -0.09494
1    3    1    2    4    6    -0.085525
1    3    2    2    4    6    0.013905
1    3    3    2    4    6    -0.030765
1    3    4    2    4    6    -0.002615
1    4    2    2    4    6    -0.05629
1    4    3    2    4    6    -0.190625
1    1    1    2    5    6    -0.062655
1    1    2    2    5    6    -0.007755
1    1    3    2    5    6    0.016475
1    1    4    2    5    6    0.000745
1    2    1    2    5    6    -0.0948
1    2    2    2    5    6    -0.047625
1    2    3    2    5    6    -0.007215
1    2    4    2    5    6    -0.029435
1    2    5    2    5    6    -0.309565
1    3    1    2    5    6    -0.076215
1    3    2    2    5    6    -0.074805
1    3    3    2    5    6    -0.05782
1    3    4    2    5    6    -0.19284
1    4    2    2    5    6    -0.05346
1    4    3    2    5    6    -0.224075
1    1    6    2    7    6    -0.174135
1    2    7    2    7    6    -0.09164
1    3    7    2    7    6    -0.272505
1    5    1    2    7    6    0.103395
1    5    2    2    7    6    -0.05017
1    5    3    2    7    6    0.075515
1    6    2    2    7    6    -0.07997378
1    6    3    2    7    6    0.170855
1    6    4    2    7    6    -0.07506
1    6    5    2    7    6    0.13792
1    3    1    3    1    6    -0.08435
1    1    1    3    2    6    0.05104
1    2    1    3    2    6    -0.028375
1    3    1    3    2    6    0.01224
1    3    2    3    2    6    -0.37211
1    4    2    3    2    6    0.193215
1    1    1    3    3    6    -0.028555
1    1    2    3    3    6    0.0051
1    2    1    3    3    6    -0.037085
1    2    2    3    3    6    -0.10342
1    3    1    3    3    6    -0.032885
1    3    2    3    3    6    0.012815
1    3    3    3    3    6    -0.00025
1    4    2    3    3    6    -0.136375
1    4    3    3    3    6    -0.0121
1    1    1    3    4    6    0.019175
1    1    2    3    4    6    -0.00628
1    1    3    3    4    6    0.033295
1    2    1    3    4    6    -0.034455
1    2    2    3    4    6    -0.01123
1    2    3    3    4    6    0.061195
1    3    1    3    4    6    0.057165
1    3    2    3    4    6    -0.09338
1    3    3    3    4    6    -0.029005
1    3    4    3    4    6    -0.302825
1    4    2    3    4    6    0.292575
1    4    3    3    4    6    -0.02476
1    1    6    3    7    6    -0.317555
1    3    7    3    7    6    -0.47761
1    5    1    3    7    6    0.15404
1    5    2    3    7    6    -0.081605
1    5    3    3    7    6    0.18262
1    6    2    3    7    6    -0.2494107
1    6    3    3    7    6    0.129165
1    6    4    3    7    6    -0.194715
1    6    5    3    7    6    0.201975
1    1    1    4    2    6    -0.08484
1    2    1    4    2    6    0.01779
1    3    1    4    2    6    -0.02901
1    4    2    4    2    6    -0.159165
1    1    1    4    3    6    -0.029685
1    1    2    4    3    6    0.005825
1    2    1    4    3    6    -0.062225
1    2    2    4    3    6    -0.099235
1    3    1    4    3    6    -0.079365
1    3    2    4    3    6    -0.096715
1    4    2    4    3    6    0.11449
1    4    3    4    3    6    -0.19221
1    5    1    5    1    6    -0.397425
1    5    1    5    2    6    -0.001265
1    5    2    5    2    6    -0.070725
1    6    2    5    2    6    -0.05312493
1    5    1    5    3    6    -0.06151
1    5    2    5    3    6    0.27588
1    5    3    5    3    6    -0.49044
1    6    2    5    3    6    0.11460787
1    6    3    5    3    6    -0.094355
1    1    1    5    6    6    0.176935
1    1    2    5    6    6    -0.00756
1    1    3    5    6    6    0.08353
1    1    4    5    6    6    -0.006515
1    1    5    5    6    6    0.027425
1    2    1    5    6    6    0.06574
1    2    2    5    6    6    0.076535
1    2    3    5    6    6    0.05508
1    2    4    5    6    6    0.057065
1    2    5    5    6    6    0.057575
1    3    1    5    6    6    0.182065
1    3    2    5    6    6    -0.026615
1    3    3    5    6    6    0.07792
1    3    4    5    6    6    -0.04687
1    4    2    5    6    6    0.06079
1    4    3    5    6    6    0.09086
1    5    6    5    6    6    -0.0596
1    6    6    5    6    6    -0.078575
1    1    1    5    7    6    -0.040505
1    1    2    5    7    6    0.017565
1    1    3    5    7    6    -0.004565
1    1    4    5    7    6    -0.034
1    1    5    5    7    6    0.04436
1    2    1    5    7    6    0.080515
1    2    2    5    7    6    0.05213
1    2    3    5    7    6    0.024165
1    2    4    5    7    6    0.03229
1    2    5    5    7    6    0.02263
1    3    1    5    7    6    0.200895
1    3    2    5    7    6    -0.01755
1    3    3    5    7    6    0.025715
1    3    4    5    7    6    -0.02118
1    4    2    5    7    6    0.047175
1    4    3    5    7    6    0.042915
1    5    6    5    7    6    -0.064275
1    5    7    5    7    6    -0.057335
1    6    6    5    7    6    -0.039765
1    6    7    5    7    6    -0.031165
1    5    1    6    2    6    0.14857021
1    6    2    6    2    6    -0.03479
1    5    1    6    3    6    -0.17744
1    5    2    6    3    6    0.036785
1    6    2    6    3    6    0.27030571
1    6    3    6    3    6    -0.245415
1    5    1    6    4    6    0.06449
1    5    2    6    4    6    -0.03587
1    5    3    6    4    6    0.11727
1    6    2    6    4    6    -0.097906
1    6    3    6    4    6    0.0591
1    6    4    6    4    6    -0.15392
1    5    1    6    5    6    -0.10345
1    5    2    6    5    6    0.046295
1    5    3    6    5    6    -0.1488
1    6    2    6    5    6    0.18474579
1    6    3    6    5    6    -0.092425
1    6    4    6    5    6    0.2558
1    6    5    6    5    6    -0.320295
1    1    1    6    6    6    0.14179
1    1    2    6    6    6    -0.23026
1    1    3    6    6    6    0.30921
1    1    4    6    6    6    -0.162545
1    1    5    6    6    6    0.27823
1    2    1    6    6    6    -0.156705
1    2    2    6    6    6    0.102415
1    2    3    6    6    6    -0.007335
1    2    4    6    6    6    0.069105
1    2    5    6    6    6    0.070245
1    3    1    6    6    6    -0.06355
1    3    2    6    6    6    -0.129225
1    3    3    6    6    6    0.107365
1    3    4    6    6    6    -0.171815
1    4    2    6    6    6    0.127065
1    4    3    6    6    6    0.024255
1    6    6    6    6    6    -0.130865
1    1    1    6    7    6    0.04354
1    1    2    6    7    6    0.05625
1    1    3    6    7    6    -0.04849
1    1    4    6    7    6    -0.00558
1    1    5    6    7    6    0.01097
1    2    1    6    7    6    0.00334
1    2    2    6    7    6    0.068585
1    2    3    6    7    6    0.03528
1    2    4    6    7    6    0.062985
1    2    5    6    7    6    0.056835
1    3    1    6    7    6    0.044025
1    3    2    6    7    6    -0.02261
1    3    3    6    7    6    0.073725
1    3    4    6    7    6    -0.05827
1    4    2    6    7    6    0.077915
1    4    3    6    7    6    0.10179
1    5    6    6    7    6    -0.052115
1    6    6    6    7    6    -0.088625
1    6    7    6    7    6    -0.069285
1    1    1    1    1    8    -0.047885
1    2    1    1    1    8    0.107725
1    3    1    1    1    8    -0.069995
1    4    1    1    1    8    0.078555
1    1    1    1    2    8    -0.063745
1    1    2    1    2    8    -0.16201
1    2    1    1    2    8    0.029555
1    2    2    1    2    8    -0.00891
1    3    1    1    2    8    -0.05772
1    3    2    1    2    8    -0.037895
1    4    1    1    2    8    0.038075
1    4    2    1    2    8    -0.038835
1    1    1    1    3    8    -0.028855
1    1    2    1    3    8    -0.13208
1    1    3    1    3    8    -0.087605
1    2    1    1    3    8    0.15837
1    2    2    1    3    8    0.039785
1    2    3    1    3    8    0.00455
1    3    1    1    3    8    -0.08402
1    3    2    1    3    8    0.013635
1    3    3    1    3    8    -0.080555
1    4    1    1    3    8    0.16569
1    4    2    1    3    8    0.00995
1    1    1    1    4    8    0.013585
1    1    2    1    4    8    -0.09429
1    1    3    1    4    8    -0.1006
1    1    4    1    4    8    -0.10069
1    2    1    1    4    8    0.059485
1    2    2    1    4    8    0.012025
1    2    3    1    4    8    0.004485
1    2    4    1    4    8    -0.02297
1    3    1    1    4    8    -0.07266
1    3    2    1    4    8    -0.018505
1    3    3    1    4    8    -0.08065
1    4    1    1    4    8    0.081865
1    4    2    1    4    8    -0.007115
1    1    1    1    5    8    0.00304
1    1    2    1    5    8    -0.11108
1    1    3    1    5    8    -0.10931
1    1    4    1    5    8    -0.16271
1    1    5    1    5    8    -0.22524
1    2    1    1    5    8    0.12118
1    2    2    1    5    8    0.06571
1    2    3    1    5    8    0.02337
1    2    4    1    5    8    -0.00308
1    3    1    1    5    8    -0.045205
1    3    2    1    5    8    -0.02178
1    3    3    1    5    8    -0.13299
1    4    1    1    5    8    0.183305
1    4    2    1    5    8    0.029785
1    1    6    1    6    8    -0.40885
1    2    6    1    6    8    0.1997
1    5    1    1    6    8    -0.259835
1    5    2    1    6    8    0.020445
1    5    3    1    6    8    -0.169635
1    5    4    1    6    8    -0.082855
1    6    2    1    6    8    0.01452397
1    6    3    1    6    8    -0.096015
1    6    4    1    6    8    -0.00161
1    6    5    1    6    8    -0.092915
1    1    6    1    7    8    -0.01034
1    1    7    1    7    8    -0.223365
1    2    6    1    7    8    0.11662
1    2    7    1    7    8    -0.02214
1    3    7    1    7    8    -0.005285
1    4    7    1    7    8    -0.024085
1    5    1    1    7    8    0.1015
1    5    2    1    7    8    -0.015435
1    5    3    1    7    8    -0.08898
1    5    4    1    7    8    -0.07069
1    6    2    1    7    8    0.00160513
1    6    3    1    7    8    0.04698
1    6    4    1    7    8    0.00512
1    6    5    1    7    8    0.038645
1    2    1    2    1    8    -0.207045
1    3    1    2    1    8    0.15927
1    4    1    2    1    8    -0.20278
1    1    1    2    2    8    -0.04134
1    2    1    2    2    8    0.022075
1    2    2    2    2    8    -0.207805
1    3    1    2    2    8    0.00642
1    3    2    2    2    8    -0.252805
1    4    1    2    2    8    -0.03817
1    4    2    2    2    8    -0.246685
1    1    1    2    3    8    0.065025
1    1    2    2    3    8    0.02237
1    2    1    2    3    8    -0.06345
1    2    2    2    3    8    0.1857
1    2    3    2    3    8    -0.155785
1    3    1    2    3    8    0.040295
1    3    2    2    3    8    -0.00077
1    3    3    2    3    8    0.28679
1    4    1    2    3    8    -0.06837
1    4    2    2    3    8    0.06278
1    1    1    2    4    8    -0.02774
1    1    2    2    4    8    -0.077575
1    1    3    2    4    8    -0.04787
1    2    1    2    4    8    0.03506
1    2    2    2    4    8    -0.155605
1    2    3    2    4    8    0.03881
1    2    4    2    4    8    -0.516015
1    3    1    2    4    8    -0.024085
1    3    2    2    4    8    -0.081975
1    3    3    2    4    8    0.06593
1    4    1    2    4    8    0.034865
1    4    2    2    4    8    -0.28182
1    2    6    2    6    8    -0.148425
1    5    1    2    6    8    0.16408
1    5    2    2    6    8    -0.058715
1    5    3    2    6    8    0.03066
1    5    4    2    6    8    -0.104535
1    6    2    2    6    8    -0.06152536
1    6    3    2    6    8    0.00443
1    6    4    2    6    8    -0.04448
1    6    5    2    6    8    -0.049935
1    1    6    2    7    8    0.051195
1    2    6    2    7    8    -0.067955
1    2    7    2    7    8    -0.049395
1    3    7    2    7    8    0.013585
1    4    7    2    7    8    -0.057235
1    5    1    2    7    8    -0.01201
1    5    2    2    7    8    -0.02785
1    5    3    2    7    8    0.02562
1    5    4    2    7    8    -0.02476
1    6    2    2    7    8    -0.06520232
1    6    3    2    7    8    -0.02651
1    6    4    2    7    8    -0.043515
1    6    5    2    7    8    -0.04428
1    3    1    3    1    8    -0.099425
1    4    1    3    1    8    0.183085
1    1    1    3    2    8    -0.097515
1    2    1    3    2    8    0.034585
1    3    1    3    2    8    -0.02609
1    3    2    3    2    8    -0.16687
1    4    1    3    2    8    -0.00036
1    4    2    3    2    8    -0.182735
1    1    1    3    3    8    -0.064335
1    1    2    3    3    8    -0.04436
1    2    1    3    3    8    0.11334
1    2    2    3    3    8    0.066125
1    3    1    3    3    8    -0.085555
1    3    2    3    3    8    -0.173165
1    3    3    3    3    8    -0.49348
1    4    1    3    3    8    0.15282
1    4    2    3    3    8    0.03195
1    1    6    3    7    8    -0.08173
1    2    6    3    7    8    0.059625
1    3    7    3    7    8    -0.222265
1    4    7    3    7    8    0.120365
1    5    1    3    7    8    -0.007185
1    5    2    3    7    8    -0.00271
1    5    3    3    7    8    0.002675
1    5    4    3    7    8    -0.001225
1    6    2    3    7    8    0.01663822
1    6    3    3    7    8    -0.120835
1    6    4    3    7    8    0.00412
1    6    5    3    7    8    -0.063665
1    4    1    4    1    8    -0.291135
1    1    1    4    2    8    -0.066775
1    2    1    4    2    8    0.043165
1    3    1    4    2    8    -0.021125
1    4    1    4    2    8    0.026815
1    4    2    4    2    8    -0.400875
1    1    6    4    7    8    0.088245
1    2    6    4    7    8    -0.07446
1    4    7    4    7    8    -0.09486
1    5    1    4    7    8    0.011375
1    5    2    4    7    8    -0.02067
1    5    3    4    7    8    -0.003215
1    5    4    4    7    8    -0.01764
1    6    2    4    7    8    -0.05385325
1    6    3    4    7    8    0.05589
1    6    4    4    7    8    -0.03694
1    6    5    4    7    8    -0.03632
1    5    1    5    1    8    -0.439575
1    5    1    5    2    8    -0.0329
1    5    2    5    2    8    -0.05314
1    6    2    5    2    8    -0.04311937
1    5    1    5    3    8    -0.119155
1    5    2    5    3    8    -0.01859
1    5    3    5    3    8    -0.247385
1    6    2    5    3    8    -0.02696905
1    6    3    5    3    8    -0.058355
1    5    1    5    4    8    -0.01314
1    5    2    5    4    8    -0.064745
1    5    3    5    4    8    -0.119895
1    5    4    5    4    8    -0.08783
1    6    2    5    4    8    -0.05144202
1    6    3    5    4    8    -0.112315
1    6    4    5    4    8    -0.03954
1    1    1    5    6    8    -0.27187
1    1    2    5    6    8    0.03597
1    1    3    5    6    8    -0.04219
1    1    4    5    6    8    0.018105
1    1    5    5    6    8    0.01105
1    2    1    5    6    8    -0.0676
1    2    2    5    6    8    0.03311
1    2    3    5    6    8    -0.058965
1    2    4    5    6    8    0.055085
1    3    1    5    6    8    -0.09447
1    3    2    5    6    8    0.04758
1    3    3    5    6    8    -0.02192
1    4    1    5    6    8    -0.00638
1    4    2    5    6    8    0.06005
1    5    6    5    6    8    -0.007985
1    6    6    5    6    8    -0.05541
1    1    1    5    7    8    0.01832
1    1    2    5    7    8    0.100805
1    1    3    5    7    8    -0.108545
1    1    4    5    7    8    0.043025
1    1    5    5    7    8    -0.03621
1    2    1    5    7    8    0.01155
1    2    2    5    7    8    0.0688
1    2    3    5    7    8    -0.01987
1    2    4    5    7    8    0.069555
1    3    1    5    7    8    -0.089105
1    3    2    5    7    8    0.0511
1    3    3    5    7    8    -0.03483
1    4    1    5    7    8    0.058095
1    4    2    5    7    8    0.07278
1    5    6    5    7    8    -0.035625
1    5    7    5    7    8    -0.019165
1    6    6    5    7    8    -0.047035
1    6    7    5    7    8    -0.05684
1    5    1    6    2    8    -0.03417447
1    6    2    6    2    8    -0.11726
1    5    1    6    3    8    -0.156605
1    5    2    6    3    8    -0.04421
1    6    2    6    3    8    -0.08844492
1    6    3    6    3    8    -0.369985
1    5    1    6    4    8    -0.04431
1    5    2    6    4    8    -0.025725
1    5    3    6    4    8    -0.018635
1    6    2    6    4    8    -0.05893735
1    6    3    6    4    8    -0.045575
1    6    4    6    4    8    -0.073135
1    5    1    6    5    8    -0.106085
1    5    2    6    5    8    -0.023635
1    5    3    6    5    8    -0.053445
1    5    4    6    5    8    -0.066685
1    6    2    6    5    8    -0.09121677
1    6    3    6    5    8    -0.14796
1    6    4    6    5    8    -0.047425
1    6    5    6    5    8    -0.23091
1    1    1    6    6    8    -0.09758
1    1    2    6    6    8    0.04629
1    1    3    6    6    8    -0.094535
1    1    4    6    6    8    0.012415
1    1    5    6    6    8    -0.018275
1    2    1    6    6    8    -0.029535
1    2    2    6    6    8    0.069655
1    2    3    6    6    8    -0.03531
1    2    4    6    6    8    0.06541
1    3    1    6    6    8    -0.137935
1    3    2    6    6    8    0.046935
1    3    3    6    6    8    -0.046375
1    4    1    6    6    8    0.05794
1    4    2    6    6    8    0.07429
1    6    6    6    6    8    -0.061965
1    1    1    6    7    8    0.012
1    1    2    6    7    8    -0.020865
1    1    3    6    7    8    0.03645
1    1    4    6    7    8    -0.012625
1    1    5    6    7    8    -0.03415
1    2    1    6    7    8    -0.036565
1    2    2    6    7    8    0.091875
1    2    3    6    7    8    -0.127035
1    2    4    6    7    8    0.13073
1    3    1    6    7    8    0.042315
1    3    2    6    7    8    0.12938
1    3    3    6    7    8    -0.060955
1    4    1    6    7    8    -0.015175
1    4    2    6    7    8    0.154235
1    5    6    6    7    8    -0.00524
1    6    6    6    7    8    -0.04139
1    6    7    6    7    8    -0.07758
1    1    1    1    1    10    -0.02772
1    2    1    1    1    10    -0.009735
1    3    1    1    1    10    -0.015965
1    4    1    1    1    10    -0.005415
1    1    1    1    2    10    0.00443
1    1    2    1    2    10    -0.198815
1    2    1    1    2    10    -0.10055
1    2    2    1    2    10    -0.024215
1    3    1    1    2    10    0.032145
1    3    2    1    2    10    0.01478
1    4    1    1    2    10    -0.051215
1    1    1    1    3    10    -0.01015
1    1    2    1    3    10    0.0383
1    1    3    1    3    10    -0.043155
1    2    1    1    3    10    -0.05777
1    2    2    1    3    10    -0.01597
1    2    3    1    3    10    0.017155
1    3    1    1    3    10    0.013515
1    3    2    1    3    10    0.011365
1    4    1    1    3    10    -0.022225
1    1    1    1    4    10    -0.030355
1    1    2    1    4    10    -0.17827
1    1    3    1    4    10    0.003355
1    1    4    1    4    10    -0.15038
1    2    1    1    4    10    0.003265
1    2    2    1    4    10    0.0824
1    2    3    1    4    10    -0.02635
1    3    1    1    4    10    0.035015
1    3    2    1    4    10    -0.161595
1    4    1    1    4    10    0.02617
1    1    6    1    6    10    -0.278765
1    2    6    1    6    10    -0.115675
1    3    6    1    6    10    -0.20531
1    5    1    1    6    10    0.078365
1    5    2    1    6    10    -0.133345
1    5    3    1    6    10    0.06261
1    5    4    1    6    10    -0.03482
1    5    5    1    6    10    0.028065
1    6    2    1    6    10    -0.15847677
1    6    3    1    6    10    0.05878
1    6    4    1    6    10    -0.165855
1    1    6    1    7    10    -0.050995
1    1    7    1    7    10    -0.1023
1    2    6    1    7    10    -0.059785
1    2    7    1    7    10    0.00685
1    3    6    1    7    10    -0.126005
1    3    7    1    7    10    -0.01185
1    4    7    1    7    10    0.00239
1    5    1    1    7    10    0.02376
1    5    2    1    7    10    -0.128595
1    5    3    1    7    10    0.061855
1    5    4    1    7    10    -0.094705
1    5    5    1    7    10    0.08711
1    6    2    1    7    10    0.02537099
1    6    3    1    7    10    0.009975
1    6    4    1    7    10    -0.02356
1    2    1    2    1    10    -0.20013
1    3    1    2    1    10    -0.04901
1    4    1    2    1    10    -0.16777
1    1    1    2    2    10    -0.018405
1    2    1    2    2    10    -0.011915
1    2    2    2    2    10    -0.072825
1    3    1    2    2    10    -0.043745
1    3    2    2    2    10    0.109415
1    4    1    2    2    10    -0.051515
1    1    1    2    3    10    -0.06817
1    1    2    2    3    10    0.033815
1    2    1    2    3    10    -0.10745
1    2    2    2    3    10    -0.139245
1    2    3    2    3    10    -0.52986
1    3    1    2    3    10    -0.063005
1    3    2    2    3    10    -0.16334
1    4    1    2    3    10    -0.132125
1    2    6    2    6    10    -0.087505
1    3    6    2    6    10    -0.243465
1    5    1    2    6    10    0.08638
1    5    2    2    6    10    -0.068535
1    5    3    2    6    10    0.11965
1    5    4    2    6    10    -0.05255
1    5    5    2    6    10    0.112595
1    6    2    2    6    10    -0.06297493
1    6    3    2    6    10    0.04368
1    6    4    2    6    10    -0.071185
1    1    6    2    7    10    -0.11795
1    2    6    2    7    10    -0.04513
1    2    7    2    7    10    -0.154045
1    3    6    2    7    10    -0.11284
1    3    7    2    7    10    -0.17242
1    4    7    2    7    10    -0.193445
1    5    1    2    7    10    0.08429
1    5    2    2    7    10    -0.060195
1    5    3    2    7    10    0.051615
1    5    4    2    7    10    -0.06568
1    5    5    2    7    10    0.093865
1    6    2    2    7    10    -0.16222444
1    6    3    2    7    10    0.15711
1    6    4    2    7    10    -0.16468
1    3    1    3    1    10    -0.03065
1    4    1    3    1    10    -0.026585
1    1    1    3    2    10    0.05822
1    2    1    3    2    10    0.000315
1    3    1    3    2    10    0.030355
1    3    2    3    2    10    -0.55757
1    4    1    3    2    10    0.008925
1    3    6    3    6    10    -0.428525
1    5    1    3    6    10    0.06063
1    5    2    3    6    10    -0.203605
1    5    3    3    6    10    0.11881
1    5    4    3    6    10    -0.175415
1    5    5    3    6    10    0.178635
1    6    2    3    6    10    -0.15728176
1    6    3    3    6    10    0.07314
1    6    4    3    6    10    -0.19241
1    1    6    3    7    10    -0.09341
1    2    6    3    7    10    -0.03623
1    3    6    3    7    10    -0.097835
1    3    7    3    7    10    -0.117455
1    4    7    3    7    10    -0.15508
1    5    1    3    7    10    0.056615
1    5    2    3    7    10    -0.04687
1    5    3    3    7    10    0.050455
1    5    4    3    7    10    -0.06193
1    5    5    3    7    10    0.084955
1    6    2    3    7    10    -0.18934198
1    6    3    3    7    10    0.0111
1    6    4    3    7    10    -0.1262
1    4    1    4    1    10    -0.105245
1    1    6    4    7    10    -0.144395
1    2    6    4    7    10    -0.052435
1    3    6    4    7    10    -0.135615
1    4    7    4    7    10    -0.306225
1    5    1    4    7    10    0.1057
1    5    2    4    7    10    -0.06093
1    5    3    4    7    10    0.06934
1    5    4    4    7    10    -0.06562
1    5    5    4    7    10    0.0831
1    6    2    4    7    10    -0.21376545
1    6    3    4    7    10    0.095325
1    6    4    4    7    10    -0.2715
1    5    1    5    1    10    -0.214905
1    5    1    5    2    10    0.02722
1    5    2    5    2    10    -0.081395
1    6    2    5    2    10    -0.05622206
1    5    1    5    3    10    -0.045925
1    5    2    5    3    10    0.15084
1    5    3    5    3    10    -0.13992
1    6    2    5    3    10    0.044873
1    6    3    5    3    10    -0.028795
1    5    1    5    4    10    -0.014635
1    5    2    5    4    10    -0.08914
1    5    3    5    4    10    0.09449
1    5    4    5    4    10    -0.101845
1    6    2    5    4    10    -0.06600842
1    6    3    5    4    10    0.03735
1    6    4    5    4    10    -0.061445
1    5    1    5    5    10    0.008905
1    5    2    5    5    10    0.1524
1    5    3    5    5    10    -0.114685
1    5    4    5    5    10    0.17612
1    5    5    5    5    10    -0.22171
1    6    2    5    5    10    0.09300575
1    6    3    5    5    10    -0.04973
1    6    4    5    5    10    0.080075
1    1    1    5    6    10    0.11797
1    1    2    5    6    10    -0.02194
1    1    3    5    6    10    0.04483
1    1    4    5    6    10    -0.004005
1    2    1    5    6    10    0.08638
1    2    2    5    6    10    0.04941
1    2    3    5    6    10    0.097515
1    3    1    5    6    10    0.08504
1    3    2    5    6    10    -0.055275
1    4    1    5    6    10    0.09202
1    5    6    5    6    10    -0.071525
1    6    6    5    6    10    -0.05167
1    1    1    5    7    10    -0.0257
1    1    2    5    7    10    -0.02861
1    1    3    5    7    10    0.002665
1    1    4    5    7    10    -0.054695
1    2    1    5    7    10    0.07644
1    2    2    5    7    10    0.028665
1    2    3    5    7    10    0.018615
1    3    1    5    7    10    0.083625
1    3    2    5    7    10    -0.043505
1    4    1    5    7    10    0.13116
1    5    6    5    7    10    -0.034785
1    5    7    5    7    10    -0.05183
1    6    6    5    7    10    -0.043405
1    6    7    5    7    10    -0.015845
1    5    1    6    2    10    0.12436594
1    6    2    6    2    10    -0.19334
1    5    1    6    3    10    -0.08991
1    5    2    6    3    10    0.02587
1    6    2    6    3    10    0.22237801
1    6    3    6    3    10    -0.093875
1    5    1    6    4    10    0.101135
1    5    2    6    4    10    -0.065655
1    5    3    6    4    10    0.08836
1    6    2    6    4    10    -0.19705652
1    6    3    6    4    10    0.081225
1    6    4    6    4    10    -0.434795
1    1    1    6    6    10    0.090555
1    1    2    6    6    10    -0.13829
1    1    3    6    6    10    0.123375
1    1    4    6    6    10    -0.149105
1    2    1    6    6    10    -0.004635
1    2    2    6    6    10    0.04279
1    2    3    6    6    10    0.074075
1    3    1    6    6    10    0.037295
1    3    2    6    6    10    -0.09882
1    4    1    6    6    10    0.026115
1    6    6    6    6    10    -0.04044
1    1    1    6    7    10    0.017355
1    1    2    6    7    10    0.05244
1    1    3    6    7    10    -0.02668
1    1    4    6    7    10    -0.013105
1    2    1    6    7    10    0.00759
1    2    2    6    7    10    0.056135
1    2    3    6    7    10    0.108855
1    3    1    6    7    10    0.017865
1    3    2    6    7    10    -0.06778
1    4    1    6    7    10    0.0161
1    5    6    6    7    10    -0.04063
1    6    6    6    7    10    -0.034905
1    6    7    6    7    10    -0.060435
1    1    1    1    1    12    -0.188775
1    2    1    1    1    12    0.131845
1    3    1    1    1    12    -0.19057
1    1    1    1    2    12    -0.069855
1    1    2    1    2    12    -0.05918
1    2    1    1    2    12    -0.01104
1    2    2    1    2    12    -0.020355
1    3    1    1    2    12    -0.081585
1    1    1    1    3    12    -0.080125
1    1    2    1    3    12    -0.18696
1    1    3    1    3    12    -0.42293
1    2    1    1    3    12    0.176755
1    2    2    1    3    12    0.05923
1    3    1    1    3    12    -0.31004
1    1    6    1    6    12    -0.311195
1    2    6    1    6    12    0.07753
1    3    6    1    6    12    -0.176215
1    4    6    1    6    12    0.126675
1    5    1    1    6    12    -0.233455
1    5    2    1    6    12    0.036195
1    5    3    1    6    12    -0.115915
1    5    4    1    6    12    -0.00785
1    5    5    1    6    12    -0.057685
1    6    2    1    6    12    0.02557605
1    6    3    1    6    12    -0.0803
1    1    6    1    7    12    0.003385
1    1    7    1    7    12    -0.21835
1    2    6    1    7    12    0.07481
1    2    7    1    7    12    -0.03027
1    3    6    1    7    12    -0.108595
1    3    7    1    7    12    0.024815
1    4    6    1    7    12    0.143815
1    5    1    1    7    12    0.079425
1    5    2    1    7    12    -0.000755
1    5    3    1    7    12    -0.08811
1    5    4    1    7    12    -0.004865
1    5    5    1    7    12    -0.071555
1    6    2    1    7    12    -0.00828022
1    6    3    1    7    12    0.052775
1    2    1    2    1    12    -0.090815
1    3    1    2    1    12    0.21827
1    1    1    2    2    12    -0.14643
1    2    1    2    2    12    0.037615
1    2    2    2    2    12    -0.6983
1    3    1    2    2    12    -0.02852
1    2    6    2    6    12    -0.04814
1    3    6    2    6    12    0.04964
1    4    6    2    6    12    -0.064855
1    5    1    2    6    12    0.020985
1    5    2    2    6    12    -0.045245
1    5    3    2    6    12    -0.04464
1    5    4    2    6    12    -0.044945
1    5    5    2    6    12    -0.063275
1    6    2    2    6    12    -0.02897724
1    6    3    2    6    12    -0.039505
1    1    6    2    7    12    0.03878
1    2    6    2    7    12    -0.021415
1    2    7    2    7    12    -0.053575
1    3    6    2    7    12    0.045565
1    3    7    2    7    12    0.039675
1    4    6    2    7    12    -0.03727
1    5    1    2    7    12    -0.010635
1    5    2    2    7    12    -0.019965
1    5    3    2    7    12    0.011625
1    5    4    2    7    12    -0.016925
1    5    5    2    7    12    -0.00457
1    6    2    2    7    12    -0.04036873
1    6    3    2    7    12    -0.103045
1    3    1    3    1    12    -0.4049
1    3    6    3    6    12    -0.16943
1    4    6    3    6    12    0.112775
1    5    1    3    6    12    -0.13102
1    5    2    3    6    12    0.04315
1    5    3    3    6    12    -0.090145
1    5    4    3    6    12    0.031885
1    5    5    3    6    12    -0.04429
1    6    2    3    6    12    0.0240982
1    6    3    3    6    12    -0.028135
1    1    6    3    7    12    -0.103075
1    2    6    3    7    12    0.05451
1    3    6    3    7    12    -0.069955
1    3    7    3    7    12    -0.307725
1    4    6    3    7    12    0.099725
1    5    1    3    7    12    0.0044
1    5    2    3    7    12    0.00511
1    5    3    3    7    12    -0.010835
1    5    4    3    7    12    0.00543
1    5    5    3    7    12    -0.014145
1    6    2    3    7    12    0.05970103
1    6    3    3    7    12    -0.076275
1    4    6    4    6    12    -0.08106
1    5    1    4    6    12    0.081675
1    5    2    4    6    12    -0.04553
1    5    3    4    6    12    0.007145
1    5    4    4    6    12    -0.048145
1    5    5    4    6    12    -0.05003
1    6    2    4    6    12    -0.03353807
1    6    3    4    6    12    -0.013785
1    5    1    5    1    12    -0.374465
1    5    1    5    2    12    -0.01716
1    5    2    5    2    12    -0.052125
1    6    2    5    2    12    -0.01755039
1    5    1    5    3    12    -0.11747
1    5    2    5    3    12    -0.02252
1    5    3    5    3    12    -0.19906
1    6    2    5    3    12    -0.02505279
1    6    3    5    3    12    -0.059685
1    5    1    5    4    12    0.00406
1    5    2    5    4    12    -0.03698
1    5    3    5    4    12    -0.033505
1    5    4    5    4    12    -0.031455
1    6    2    5    4    12    -0.02321432
1    6    3    5    4    12    -0.082855
1    5    1    5    5    12    -0.01888
1    5    2    5    5    12    -0.042715
1    5    3    5    5    12    -0.139695
1    5    4    5    5    12    -0.030565
1    5    5    5    5    12    -0.11881
1    6    2    5    5    12    -0.02896309
1    6    3    5    5    12    -0.130075
1    1    1    5    6    12    -0.13444
1    1    2    5    6    12    0.03793
1    1    3    5    6    12    -0.00456
1    2    1    5    6    12    -0.07414
1    2    2    5    6    12    0.08916
1    3    1    5    6    12    -0.014665
1    5    6    5    6    12    -0.04751
1    6    6    5    6    12    -0.0626
1    1    1    5    7    12    0.00503
1    1    2    5    7    12    0.08646
1    1    3    5    7    12    -0.032085
1    2    1    5    7    12    -0.01633
1    2    2    5    7    12    0.097085
1    3    1    5    7    12    -0.06753
1    5    6    5    7    12    -0.038395
1    5    7    5    7    12    -0.063285
1    6    6    5    7    12    -0.06541
1    6    7    5    7    12    -0.04862
1    5    1    6    2    12    -0.0386151
1    6    2    6    2    12    -0.06089
1    5    1    6    3    12    -0.20038
1    5    2    6    3    12    -0.040255
1    6    2    6    3    12    -0.15535843
1    6    3    6    3    12    -0.659535
1    1    1    6    6    12    -0.068965
1    1    2    6    6    12    0.05893
1    1    3    6    6    12    -0.044145
1    2    1    6    6    12    -0.04808
1    2    2    6    6    12    0.112045
1    3    1    6    6    12    -0.076715
1    6    6    6    6    12    -0.08728
1    1    1    6    7    12    0.078955
1    1    2    6    7    12    -0.02038
1    1    3    6    7    12    0.02201
1    2    1    6    7    12    -0.028625
1    2    2    6    7    12    0.24328
1    3    1    6    7    12    0.07059
1    5    6    6    7    12    -0.036895
1    6    6    6    7    12    -0.05173
1    6    7    6    7    12    -0.180765
1    1    1    1    1    14    -0.00488
1    2    1    1    1    14    -0.00955
1    1    1    1    2    14    -0.02547
1    1    2    1    2    14    -0.35428
1    2    1    1    2    14    0.00438
1    1    6    1    6    14    -0.14682
1    2    6    1    6    14    -0.123855
1    3    6    1    6    14    -0.088735
1    4    6    1    6    14    -0.09733
1    5    1    1    6    14    0.01594
1    5    2    1    6    14    -0.10201
1    5    3    1    6    14    0.010625
1    5    4    1    6    14    -0.02144
1    6    2    1    6    14    -0.17669184
1    1    6    1    7    14    -0.02512
1    1    7    1    7    14    -0.033285
1    2    6    1    7    14    -0.06608
1    2    7    1    7    14    0.00947
1    3    6    1    7    14    -0.055625
1    4    6    1    7    14    -0.089145
1    5    1    1    7    14    0.033385
1    5    2    1    7    14    -0.11858
1    5    3    1    7    14    0.012305
1    5    4    1    7    14    -0.107875
1    6    2    1    7    14    0.02603567
1    2    1    2    1    14    -0.303035
1    2    6    2    6    14    -0.166665
1    3    6    2    6    14    -0.16259
1    4    6    2    6    14    -0.204775
1    5    1    2    6    14    0.09541
1    5    2    2    6    14    -0.13253
1    5    3    2    6    14    0.10338
1    5    4    2    6    14    -0.141675
1    6    2    2    6    14    -0.13416644
1    1    6    2    7    14    -0.125325
1    2    6    2    7    14    -0.09382
1    2    7    2    7    14    -0.49743
1    3    6    2    7    14    -0.088895
1    4    6    2    7    14    -0.136525
1    5    1    2    7    14    0.101595
1    5    2    2    7    14    -0.104845
1    5    3    2    7    14    0.056145
1    5    4    2    7    14    -0.175755
1    6    2    2    7    14    -0.55512125
1    3    6    3    6    14    -0.104275
1    4    6    3    6    14    -0.16906
1    5    1    3    6    14    0.012995
1    5    2    3    6    14    -0.141305
1    5    3    3    6    14    0.02209
1    5    4    3    6    14    -0.12088
1    6    2    3    6    14    -0.1226406
1    4    6    4    6    14    -0.266665
1    5    1    4    6    14    0.04293
1    5    2    4    6    14    -0.17391
1    5    3    4    6    14    0.08104
1    5    4    4    6    14    -0.215195
1    6    2    4    6    14    -0.17342501
1    5    1    5    1    14    -0.12364
1    5    1    5    2    14    0.04477
1    5    2    5    2    14    -0.157155
1    6    2    5    2    14    -0.09574226
1    5    1    5    3    14    -0.028315
1    5    2    5    3    14    0.131795
1    5    3    5    3    14    -0.054375
1    6    2    5    3    14    0.03481794
1    5    1    5    4    14    -0.00268
1    5    2    5    4    14    -0.19344
1    5    3    5    4    14    0.11233
1    5    4    5    4    14    -0.31728
1    6    2    5    4    14    -0.1579323
1    1    1    5    6    14    0.08107
1    1    2    5    6    14    -0.033985
1    2    1    5    6    14    0.124735
1    5    6    5    6    14    -0.073025
1    6    6    5    6    14    -0.040165
1    1    1    5    7    14    -0.02324
1    1    2    5    7    14    -0.073665
1    2    1    5    7    14    0.09659
1    5    6    5    7    14    -0.02444
1    5    7    5    7    14    -0.051445
1    6    6    5    7    14    -0.02932
1    6    7    5    7    14    -0.01105
1    5    1    6    2    14    0.14402351
1    6    2    6    2    14    -0.72873
1    1    1    6    6    14    0.062775
1    1    2    6    6    14    -0.150545
1    2    1    6    6    14    0.069765
1    6    6    6    6    14    -0.041305
1    1    1    6    7    14    0.001275
1    1    2    6    7    14    0.079755
1    2    1    6    7    14    -0.00097
1    5    6    6    7    14    -0.02807
1    6    6    6    7    14    -0.014835
1    6    7    6    7    14    -0.043805
1    1    1    1    1    16    -0.784795
1    1    6    1    6    16    -0.35194
1    2    6    1    6    16    0.054485
1    3    6    1    6    16    -0.26492
1    5    1    1    6    16    -0.191825
1    5    2    1    6    16    0.05361
1    5    3    1    6    16    -0.08456
1    1    6    1    7    16    0.02525
1    1    7    1    7    16    -0.407165
1    2    6    1    7    16    0.09117
1    3    6    1    7    16    -0.253745
1    5    1    1    7    16    0.08862
1    5    2    1    7    16    0.013965
1    5    3    1    7    16    -0.09147
1    2    6    2    6    16    -0.0376
1    3    6    2    6    16    0.05134
1    5    1    2    6    16    -0.04443
1    5    2    2    6    16    -0.012365
1    5    3    2    6    16    -0.103595
1    3    6    3    6    16    -0.273315
1    5    1    3    6    16    -0.1121
1    5    2    3    6    16    0.076435
1    5    3    3    6    16    0.007465
1    5    1    5    1    16    -0.44956
1    5    1    5    2    16    -0.00904
1    5    2    5    2    16    -0.051115
1    5    1    5    3    16    -0.166695
1    5    2    5    3    16    -0.039415
1    5    3    5    3    16    -0.31458
1    1    1    5    6    16    -0.03198
1    5    6    5    6    16    -0.121905
1    6    6    5    6    16    -0.101265
1    1    1    5    7    16    -0.00861
1    5    6    5    7    16    -0.051125
1    5    7    5    7    16    -0.14428
1    6    6    5    7    16    -0.12141
1    6    7    5    7    16    -0.068015
1    1    1    6    6    16    -0.0518
1    6    6    6    6    16    -0.15666
1    1    1    6    7    16    0.28381
1    5    6    6    7    16    -0.1042
1    6    6    6    7    16    -0.098485
1    6    7    6    7    16    -0.62563
1    1    6    1    6    18    -0.068415
1    2    6    1    6    18    -0.16421
1    5    1    1    6    18    -0.05177
1    5    2    1    6    18    -0.093315
1    2    6    2    6    18    -0.487805
1    5    1    2    6    18    0.094735
1    5    2    2    6    18    -0.401145
1    5    1    5    1    18    -0.0549
1    5    1    5    2    18    0.07306
1    5    2    5    2    18    -0.4865
1    5    6    5    6    18    -0.05768
1    6    6    5    6    18    -0.025205
1    5    6    5    7    18    -0.015645
1    5    7    5    7    18    -0.04916
1    6    6    5    7    18    0.002315
1    6    6    6    6    18    -0.039745
1    1    6    1    6    20    -0.685035
1    5    1    1    6    20    -0.08568
1    5    1    5    1    20    -0.89951
1    5    6    5    6    20    -0.26116
1    6    6    5    6    20    -0.226135
1    5    6    5    7    20    -0.100525
1    5    7    5    7    20    -0.479445
1    6    6    5    7    20    -0.372355
1    6    6    6    6    20    -0.47086
1    5    6    5    6    22    -0.02711
1    5    6    5    6    24    -0.861475


eg1
1.500    1.0   3.91

eg2
-0.5000  0.0  -2.68

bej
4   6

mcal
1

num1
4

num2
2

alpha1
4.33195830385423

alpha2
4.33195830385423

