# 测试输入

nucleus1
0  6  7
2  2  3
0  6  5
2  2  1

nucleus2
0  6  7
2  2  3
0  6  5
2  2  1

energy1
1.0  1.0  1.0  1.0

energy2
1.0  1.0  1.0  1.0

rorder1
0   4
0 99 0  
0  2 1
1   1

rorder2
0   4
0 99  0 1
1   1

ystrget1
 1   1  1   0.50000000
 2   2  1   0.50000000
 3   3  1   0.50000000
 4   4  1   0.50000000
 1   1  2  -0.31149713
 1   2  2  -0.32007020
 1   3  2  -0.11316015
 2   1  2  -0.32007020
 2   2  2  -0.28910292
 2   3  2  -0.13912909
 2   4  2  -0.35911089
 3   1  2   0.11316015
 3   2  2   0.13912909
 3   3  2  -0.29209201
 3   4  2  -0.32166437
 4   2  2   0.35911089
 4   3  2  -0.32166437

ystrget2
 1   1  1   0.50000000
 2   2  1   0.50000000
 3   3  1   0.50000000
 4   4  1   0.50000000
 1   1  2  -0.31149713
 1   2  2  -0.32007020
 1   3  2  -0.11316015
 2   1  2  -0.32007020
 2   2  2  -0.28910292
 2   3  2  -0.13912909
 2   4  2  -0.35911089
 3   1  2   0.11316015
 3   2  2   0.13912909
 3   3  2  -0.29209201
 3   4  2  -0.32166437
 4   2  2   0.35911089
 4   3  2  -0.32166437

efcstrength1
1.0

efc1
1    1    1    1    1   0     -0.61591927
1    1    1    2    2   0     -0.46898111
1    1    1    3    3   0     -0.46362417
1    1    1    4    4   0     -0.26000000
1    2    2    2    2   0     -0.34057219
1    2    2    3    3   0     -0.33792609
1    2    2    4    4   0     -0.29779405
1    3    3    3    3   0     -0.48208250
1    3    3    4    4   0     -0.32164916
1    4    4    4    4   0     -0.13000000
1    1    3    1    3   2     -0.08057219
1    1    3    2    4   2     -0.08932549
1    2    3    2    3   2     -0.05968310
1    2    4    2    4   2      0.08057219
1    1    1    1    1   4     -0.26576033
1    1    1    1    2   4     -0.30355411
1    1    1    1    3   4     -0.07693937
1    1    1    2    2   4     -0.20953006
1    1    1    2    3   4     -0.14306662
1    1    1    2    4   4     -0.20254802
1    1    1    3    3   4     -0.19294904
1    1    1    3    4   4     -0.20626481
1    1    2    1    2   4     -0.38962153
1    1    2    1    3   4     -0.15636701
1    1    2    2    2   4     -0.23579284
1    1    2    2    3   4     -0.11885921
1    1    2    2    4   4     -0.33346144
1    1    2    3    3   4     -0.23768211
1    1    2    3    4   4     -0.27315851
1    1    3    1    3   4     -0.09575557
1    1    3    2    2   4     -0.02685315
1    1    3    2    3   4     -0.09509397
1    1    3    2    4   4     -0.15282315
1    1    3    3    3   4     -0.12376546
1    1    3    3    4   4     -0.07765780
1    2    2    2    2   4     -0.04447585
1    2    2    2    3   4     -0.09626203
1    2    2    2    4   4     -0.17684463
1    2    2    3    3   4     -0.11944498
1    2    2    3    4   4     -0.18008976
1    2    3    2    3   4     -0.05648182
1    2    3    2    4   4     -0.13613506
1    2    3    3    3   4     -0.05642875
1    2    3    3    4   4     -0.15990113
1    2    4    2    4   4     -0.16952389
1    2    4    3    3   4     -0.21312537
1    2    4    3    4   4     -0.25468538
1    3    3    3    3   4     -0.16832682
1    3    3    3    4   4     -0.23579284
1    3    4    3    4   4     -0.20365467
1    1    2    1    2   6      0.02941524
1    1    2    1    3   6     -0.03315349
1    1    2    1    4   6      0.06645482
1    1    2    2    3   6     -0.02859760
1    1    2    3    4   6      0.02302063
1    1    3    1    3   6      0.01790493
1    1    3    1    4   6     -0.04785294
1    1    3    2    3   6     -0.06177788
1    1    3    3    4   6      0.02210233
1    1    4    2    3   6      0.00825542
1    2    3    2    3   6      0.06110413
1    2    3    3    4   6     -0.01271005
1    3    4    3    4   6      0.05570423
1    1    1    1    1   8      0.03197309
1    1    1    1    2   8     -0.08603758
1    1    1    1    3   8      0.01617725
1    1    1    2    3   8     -0.02565145
1    1    1    3    3   8      0.00599868
1    1    2    1    2   8      0.01918385
1    1    2    1    3   8      0.01511526
1    1    2    1    4   8     -0.04539729
1    1    2    2    3   8     -0.04766267
1    1    2    3    3   8     -0.01019071
1    1    3    1    3   8      0.03836771
1    1    3    1    4   8     -0.06259617
1    1    3    2    3   8     -0.05069813
1    1    4    2    3   8     -0.05301152
1    1    4    3    3   8     -0.03376186
1    2    3    2    3   8     -0.01619970
1    2    3    3    3   8     -0.03281345
1    3    3    3    3   8      0.04604125
1    1    2    1    2  10      0.04476233
1    1    3    1    3  10      0.04476233
1    1    1    1    1  12      0.03197309
1    1    1    1    3  12     -0.03132710
1    1    3    1    3  12     -0.03197309

efcstrength2
1.0

efc2
1    1    1    1    1   0     -0.61591927
1    1    1    2    2   0     -0.46898111
1    1    1    3    3   0     -0.46362417
1    1    1    4    4   0     -0.26000000
1    2    2    2    2   0     -0.34057219
1    2    2    3    3   0     -0.33792609
1    2    2    4    4   0     -0.29779405
1    3    3    3    3   0     -0.48208250
1    3    3    4    4   0     -0.32164916
1    4    4    4    4   0     -0.13000000
1    1    3    1    3   2     -0.08057219
1    1    3    2    4   2     -0.08932549
1    2    3    2    3   2     -0.05968310
1    2    4    2    4   2      0.08057219
1    1    1    1    1   4     -0.26576033
1    1    1    1    2   4     -0.30355411
1    1    1    1    3   4     -0.07693937
1    1    1    2    2   4     -0.20953006
1    1    1    2    3   4     -0.14306662
1    1    1    2    4   4     -0.20254802
1    1    1    3    3   4     -0.19294904
1    1    1    3    4   4     -0.20626481
1    1    2    1    2   4     -0.38962153
1    1    2    1    3   4     -0.15636701
1    1    2    2    2   4     -0.23579284
1    1    2    2    3   4     -0.11885921
1    1    2    2    4   4     -0.33346144
1    1    2    3    3   4     -0.23768211
1    1    2    3    4   4     -0.27315851
1    1    3    1    3   4     -0.09575557
1    1    3    2    2   4     -0.02685315
1    1    3    2    3   4     -0.09509397
1    1    3    2    4   4     -0.15282315
1    1    3    3    3   4     -0.12376546
1    1    3    3    4   4     -0.07765780
1    2    2    2    2   4     -0.04447585
1    2    2    2    3   4     -0.09626203
1    2    2    2    4   4     -0.17684463
1    2    2    3    3   4     -0.11944498
1    2    2    3    4   4     -0.18008976
1    2    3    2    3   4     -0.05648182
1    2    3    2    4   4     -0.13613506
1    2    3    3    3   4     -0.05642875
1    2    3    3    4   4     -0.15990113
1    2    4    2    4   4     -0.16952389
1    2    4    3    3   4     -0.21312537
1    2    4    3    4   4     -0.25468538
1    3    3    3    3   4     -0.16832682
1    3    3    3    4   4     -0.23579284
1    3    4    3    4   4     -0.20365467
1    1    2    1    2   6      0.02941524
1    1    2    1    3   6     -0.03315349
1    1    2    1    4   6      0.06645482
1    1    2    2    3   6     -0.02859760
1    1    2    3    4   6      0.02302063
1    1    3    1    3   6      0.01790493
1    1    3    1    4   6     -0.04785294
1    1    3    2    3   6     -0.06177788
1    1    3    3    4   6      0.02210233
1    1    4    2    3   6      0.00825542
1    2    3    2    3   6      0.06110413
1    2    3    3    4   6     -0.01271005
1    3    4    3    4   6      0.05570423
1    1    1    1    1   8      0.03197309
1    1    1    1    2   8     -0.08603758
1    1    1    1    3   8      0.01617725
1    1    1    2    3   8     -0.02565145
1    1    1    3    3   8      0.00599868
1    1    2    1    2   8      0.01918385
1    1    2    1    3   8      0.01511526
1    1    2    1    4   8     -0.04539729
1    1    2    2    3   8     -0.04766267
1    1    2    3    3   8     -0.01019071
1    1    3    1    3   8      0.03836771
1    1    3    1    4   8     -0.06259617
1    1    3    2    3   8     -0.05069813
1    1    4    2    3   8     -0.05301152
1    1    4    3    3   8     -0.03376186
1    2    3    2    3   8     -0.01619970
1    2    3    3    3   8     -0.03281345
1    3    3    3    3   8      0.04604125
1    1    2    1    2  10      0.04476233
1    1    3    1    3  10      0.04476233
1    1    1    1    1  12      0.03197309
1    1    1    1    3  12     -0.03132710
1    1    3    1    3  12     -0.03197309

efcstrength3
1.0
pnefc
1    1    1    1    1   0      0.21683855
1    1    1    2    2   0      0.20257117
1    1    1    3    3   0      0.02658193
1    2    2    2    2   0      0.18614438
1    2    2    3    3   0      0.03898484
1    2    2    4    4   0      0.22789257
1    3    3    3    3   0      0.20916501
1    3    3    4    4   0      0.19296511
1    4    4    4    4   0      0.02500000
1    1    1    1    1   2      0.18029787
1    1    1    1    3   2     -0.03164515
1    1    1    2    2   2      0.17792030
1    1    1    2    3   2      0.03170080
1    1    1    3    1   2      0.03164515
1    1    1    3    2   2     -0.03170080
1    1    1    3    3   2      0.02094517
1    1    3    1    3   2      0.18943304
1    1    3    2    2   2     -0.04565437
1    1    3    2    3   2      0.02745370
1    1    3    2    4   2      0.17865098
1    1    3    3    1   2     -0.00328866
1    1    3    3    2   2     -0.02745370
1    1    3    3    3   2      0.03529761
1    2    2    2    2   2      0.05722888
1    2    2    2    3   2      0.05359529
1    2    2    2    4   2     -0.14413192
1    2    2    3    1   2      0.04565437
1    2    2    3    2   2     -0.05359529
1    2    2    3    3   2      0.02211869
1    2    2    4    2   2      0.14413192
1    2    2    4    4   2     -0.10191665
1    2    3    2    3   2      0.15391550
1    2    3    2    4   2      0.05992136
1    2    3    3    1   2     -0.02745370
1    2    3    3    2   2     -0.00954930
1    2    3    3    3   2     -0.04911067
1    2    3    4    2   2     -0.05992136
1    2    3    4    4   2     -0.16948320
1    2    4    2    4   2      0.02500000
1    2    4    3    2   2     -0.05992136
1    2    4    3    3   2      0.05326343
1    2    4    4    2   2     -0.16114438
1    3    1    3    1   2      0.18943304
1    3    1    3    2   2      0.02745370
1    3    1    3    3   2     -0.03529761
1    3    1    4    2   2      0.17865098
1    3    2    3    2   2      0.15391550
1    3    2    3    3   2      0.04911067
1    3    2    4    2   2      0.05992136
1    3    2    4    4   2      0.16948320
1    3    3    3    3   2      0.14602272
1    3    3    4    2   2     -0.05326343
1    3    3    4    4   2      0.13182027
1    4    2    4    2   2      0.02500000
1    4    4    4    4   2      0.02500000
1    1    1    1    1   4      0.11452466
1    1    1    1    2   4      0.04736213
1    1    1    1    3   4     -0.04430321
1    1    1    2    1   4      0.04736213
1    1    1    2    2   4      0.13261396
1    1    1    2    3   4      0.04640522
1    1    1    3    1   4      0.04430321
1    1    1    3    2   4     -0.04640522
1    1    1    3    3   4      0.01085203
1    1    2    1    2   4      0.14010313
1    1    2    1    3   4      0.05468908
1    1    2    2    1   4      0.00409256
1    1    2    2    2   4      0.08594367
1    1    2    2    3   4      0.01336623
1    1    2    2    4   4      0.17188734
1    1    2    3    1   4      0.00656269
1    1    2    3    2   4      0.04511103
1    1    2    3    3   4      0.01205643
1    1    2    3    4   4      0.04219750
1    1    3    1    3   4      0.10173542
1    1    3    2    1   4     -0.00656269
1    1    3    2    2   4     -0.06125176
1    1    3    2    3   4      0.07233858
1    1    3    2    4   4      0.10719059
1    1    3    3    1   4     -0.00869668
1    1    3    3    2   4     -0.00982376
1    1    3    3    3   4      0.04511103
1    1    3    3    4   4     -0.04678181
1    2    1    2    1   4      0.14010313
1    2    1    2    2   4      0.08594367
1    2    1    2    3   4     -0.04511103
1    2    1    3    1   4     -0.05468908
1    2    1    3    2   4     -0.01336623
1    2    1    3    3   4      0.01205643
1    2    1    4    2   4     -0.17188734
1    2    1    4    3   4      0.04219750
1    2    2    2    2   4     -0.07168663
1    2    2    2    3   4      0.03508636
1    2    2    2    4   4      0.06445775
1    2    2    3    1   4      0.06125176
1    2    2    3    2   4     -0.03508636
1    2    2    3    3   4     -0.00416765
1    2    2    3    4   4      0.06564056
1    2    2    4    2   4     -0.06445775
1    2    2    4    3   4      0.06564056
1    2    3    2    3   4      0.00658350
1    2    3    2    4   4      0.12280225
1    2    3    3    1   4     -0.00982376
1    2    3    3    2   4     -0.02137224
1    2    3    3    3   4     -0.05250151
1    2    3    3    4   4     -0.02382013
1    2    3    4    2   4      0.05262953
1    2    3    4    3   4      0.13781647
1    2    4    2    4   4      0.02500000
1    2    4    3    2   4      0.05262953
1    2    4    3    3   4      0.05834717
1    2    4    4    2   4      0.03222888
1    2    4    4    3   4      0.13128112
1    3    1    3    1   4      0.10173542
1    3    1    3    2   4      0.07233858
1    3    1    3    3   4     -0.04511103
1    3    1    4    2   4      0.10719059
1    3    1    4    3   4      0.04678181
1    3    2    3    2   4      0.00658350
1    3    2    3    3   4      0.05250151
1    3    2    3    4   4     -0.13781647
1    3    2    4    2   4      0.12280225
1    3    2    4    3   4      0.02382013
1    3    3    3    3   4      0.04341650
1    3    3    3    4   4      0.08594367
1    3    3    4    2   4     -0.05834717
1    3    3    4    3   4      0.08594367
1    3    4    3    4   4      0.02500000
1    3    4    4    2   4     -0.13128112
1    3    4    4    3   4      0.02228169
1    4    2    4    2   4      0.02500000
1    4    3    4    3   4      0.02500000
1    1    1    1    1   6      0.03413517
1    1    1    1    2   6      0.09069157
1    1    1    1    3   6     -0.04198204
1    1    1    2    1   6      0.09069157
1    1    1    2    2   6      0.07434497
1    1    1    2    3   6      0.04867020
1    1    1    3    1   6      0.04198204
1    1    1    3    2   6     -0.04867020
1    1    1    3    3   6     -0.00132759
1    1    2    1    2   6     -0.01336771
1    1    2    1    3   6      0.04736213
1    1    2    1    4   6     -0.13290964
1    1    2    2    1   6      0.02046278
1    1    2    2    2   6      0.12580865
1    1    2    2    3   6      0.03660493
1    1    2    3    1   6      0.01894485
1    1    2    3    2   6      0.02059027
1    1    2    3    3   6      0.01897115
1    1    2    3    4   6     -0.04604125
1    1    3    1    3   6      0.00307559
1    1    3    1    4   6      0.09570588
1    1    3    2    1   6     -0.01894485
1    1    3    2    2   6     -0.05176719
1    1    3    2    3   6      0.11437733
1    1    3    3    1   6     -0.01388546
1    1    3    3    2   6      0.00917843
1    1    3    3    3   6      0.03327891
1    1    3    3    4   6     -0.04420465
1    1    4    1    4   6      0.02500000
1    1    4    2    2   6     -0.14527132
1    1    4    2    3   6      0.03698427
1    1    4    3    2   6     -0.05349510
1    1    4    3    3   6      0.02421189
1    2    1    2    1   6     -0.01336771
1    2    1    2    2   6      0.12580865
1    2    1    2    3   6     -0.02059027
1    2    1    3    1   6     -0.04736213
1    2    1    3    2   6     -0.03660493
1    2    1    3    3   6      0.01897115
1    2    1    4    1   6      0.13290964
1    2    1    4    3   6     -0.04604125
1    2    2    2    2   6      0.05722888
1    2    2    2    3   6     -0.03750889
1    2    2    3    1   6      0.05176719
1    2    2    3    2   6      0.03750889
1    2    2    3    3   6     -0.02455533
1    2    2    3    4   6     -0.02096811
1    2    2    4    1   6      0.14527132
1    2    2    4    3   6     -0.02096811
1    2    3    2    3   6     -0.07629075
1    2    3    3    1   6      0.00917843
1    2    3    3    2   6     -0.02091751
1    2    3    3    3   6     -0.01607524
1    2    3    3    4   6     -0.05694100
1    2    3    4    1   6     -0.05349510
1    2    3    4    3   6     -0.08236109
1    3    1    3    1   6      0.00307559
1    3    1    3    2   6      0.11437733
1    3    1    3    3   6     -0.03327891
1    3    1    4    1   6      0.09570588
1    3    1    4    3   6      0.04420465
1    3    2    3    2   6     -0.07629075
1    3    2    3    3   6      0.01607524
1    3    2    3    4   6      0.08236109
1    3    2    4    1   6      0.03698427
1    3    2    4    3   6      0.05694100
1    3    3    3    3   6     -0.05129693
1    3    3    3    4   6      0.12580865
1    3    3    4    1   6     -0.02421189
1    3    3    4    3   6      0.12580865
1    3    4    3    4   6      0.02500000
1    3    4    4    3   6      0.11140846
1    4    1    4    1   6      0.02500000
1    4    3    4    3   6      0.02500000
1    1    1    1    1   8     -0.03894618
1    1    1    1    2   8      0.12167551
1    1    1    1    3   8     -0.02287808
1    1    1    2    1   8      0.12167551
1    1    1    2    3   8      0.03627663
1    1    1    3    1   8      0.02287808
1    1    1    3    2   8     -0.03627663
1    1    1    3    3   8     -0.01199737
1    1    2    1    2   8     -0.07475604
1    1    2    1    3   8      0.00604610
1    1    2    1    4   8      0.09079457
1    1    2    2    1   8      0.06138834
1    1    2    2    3   8      0.06100822
1    1    2    3    1   8      0.03627663
1    1    2    3    2   8     -0.03431712
1    1    2    3    3   8      0.01441184
1    1    3    1    3   8     -0.06708250
1    1    3    1    4   8      0.12519233
1    1    3    2    1   8     -0.03627663
1    1    3    2    3   8      0.12167551
1    1    3    3    1   8     -0.01534708
1    1    3    3    2   8      0.02027925
1    1    4    1    4   8      0.02500000
1    1    4    2    3   8      0.12632532
1    1    4    3    2   8      0.02030228
1    1    4    3    3   8      0.04774648
1    2    1    2    1   8     -0.07475604
1    2    1    2    3   8      0.03431712
1    2    1    3    1   8     -0.00604610
1    2    1    3    2   8     -0.06100822
1    2    1    3    3   8      0.01441184
1    2    1    4    1   8     -0.09079457
1    2    3    2    3   8      0.07104125
1    2    3    3    1   8      0.02027925
1    2    3    3    2   8      0.01364185
1    2    3    3    3   8      0.04640522
1    2    3    4    1   8      0.02030228
1    3    1    3    1   8     -0.06708250
1    3    1    3    2   8      0.12167551
1    3    1    4    1   8      0.12519233
1    3    2    3    2   8      0.07104125
1    3    2    3    3   8     -0.04640522
1    3    2    4    1   8      0.12632532
1    3    3    3    3   8     -0.06708250
1    3    3    4    1   8     -0.04774648
1    4    1    4    1   8      0.02500000
1    1    1    1    1  10     -0.07548686
1    1    1    1    2  10      0.11665579
1    1    1    1    3  10      0.01020526
1    1    1    2    1  10      0.11665579
1    1    1    3    1  10     -0.01020526
1    1    1    3    3  10     -0.01613593
1    1    2    1    2  10      0.07871479
1    1    2    1    3  10     -0.05012337
1    1    2    2    1  10      0.14323945
1    1    2    3    1  10      0.05012337
1    1    2    3    3  10     -0.01320867
1    1    3    1    3  10     -0.05612030
1    1    3    2    1  10     -0.05012337
1    1    3    3    1  10     -0.00840436
1    1    3    3    3  10     -0.04159863
1    2    1    2    1  10      0.07871479
1    2    1    3    1  10      0.05012337
1    2    1    3    3  10     -0.01320867
1    3    1    3    1  10     -0.05612030
1    3    1    3    3  10      0.04159863
1    3    3    3    3  10      0.09077322
1    1    1    1    1  12     -0.03894618
1    1    1    1    3  12      0.04430321
1    1    1    3    1  12     -0.04430321
1    1    3    1    3  12      0.10173542
1    1    3    3    1  12      0.01278924
1    3    1    3    1  12      0.10173542
1    1    1    1    1  14      0.11452466


eg1
2.4000 1.0  3.9102

eg2
2.4000 1.0  3.9102

bej
4

mcal
1

num1
8

num2
4

alpha1
4.33195830385423

alpha2
4.33195830385423

