# 测试输入

nucleus1
0 8 7
2 4 5
2 4 3
4 0 1
0 10 11

nucleus2
0 8 7
2 4 5
2 4 3
4 0 1
0 10 11

energy1
      0      0.962     2.440      2.708      2.793


energy2
      2.449      1.670     0.015     0.347     0

rorder1
0   4   8  12  6 20 16 8
0 99  0 1
0  1 2  3  5 6
0  0   4 7
1   1   1   1 -1  1  1  1

rorder2
0   4   8  12  6 20 16
0 99  0 1
0  1 2  3  5 6
0  0   4
1   1   1   1 -1  1  1

ystrget1
   1   1  1  -0.96150118
   2   2  1  -0.18050613
   3   3  1  -0.12569296
   4   4  1  -0.04983571
   5   5  1   0.15700542
   1   1  2  -0.94444729
   1   2  2   0.07265413
   1   3  2  -0.16712818
   2   1  2  -0.07265413
   2   2  2  -0.11344594
   2   3  2  -0.04545974
   2   4  2  -0.05410480
   3   1  2  -0.16712818
   3   2  2   0.04545974
   3   3  2  -0.06462763
   3   4  2   0.04190648
   4   2  2  -0.05410480
   4   3  2  -0.04190648
   5   5  2   0.10512638
   1   1  3  -0.99879620
   1   2  3  -0.01071026
   1   3  3  -0.03265853
   1   4  3   0.00026671
   2   1  3   0.01071026
   2   2  3   0.00071110
   2   3  3  -0.00463329
   3   1  3  -0.03265853
   3   2  3   0.00463329
   4   1  3  -0.00026671
   1   1  4   0.99960587
   1   2  4  -0.01985065
   2   1  4   0.01985065
   2   5  5   0.70710678
   5   2  5   0.70710678
   5   5  6   1.00000000
   5   5  7   1.00000000
   5   5  8   1.00000000

ystrget2
 1   1  1  -0.20414000
 2   2  1  -0.24946047
 3   3  1  -0.74372473
 4   4  1  -0.37571200
 5   5  1   0.44923308
 1   1  2  -0.13650412
 1   2  2   0.04630629
 1   3  2  -0.24265733
 2   1  2  -0.04630629
 2   2  2  -0.17022424
 2   3  2  -0.14901582
 2   4  2  -0.23348305
 3   1  2  -0.24265733
 3   2  2   0.14901582
 3   3  2  -0.44051937
 3   4  2   0.36790101
 4   2  2  -0.23348305
 4   3  2  -0.36790101
 5   5  2   0.46058323
 5   5  3   1.00000000
 5   5  4   1.00000000
 2   5  5   0.70710678
 5   2  5   0.70710678
 5   5  6   1.00000000
 5   5  7   1.00000000

efcstrength1
-0.17  -0.035  -0.050

efc1
1    1    1    1    1   0      4.00000000
1    1    1    2    2   0      3.46410162
1    1    1    3    3   0      2.82842712
1    1    1    4    4   0      2.00000000
1    1    1    5    5   0     -4.89897949
1    2    2    2    2   0      3.00000000
1    2    2    3    3   0      2.44948974
1    2    2    4    4   0      1.73205081
1    2    2    5    5   0     -4.24264069
1    3    3    3    3   0      2.00000000
1    3    3    4    4   0      1.41421356
1    3    3    5    5   0     -3.46410162
1    4    4    4    4   0      1.00000000
1    4    4    5    5   0     -2.44948974
1    5    5    5    5   0      6.00000000
2    1    1    1    1   4      9.17035624
2    1    1    1    2   4     -3.46549591
2    1    1    1    3   4     10.39648774
2    1    1    2    2   4      7.78130530
2    1    1    2    3   4      5.50221375
2    1    1    2    4   4      9.90347948
2    1    1    3    3   4      5.94307009
2    1    1    3    4   4     -8.08615713
2    1    1    5    5   4    -13.45777157
2    1    2    1    2   4      1.30961782
2    1    2    1    3   4     -3.92885345
2    1    2    2    2   4     -2.94057079
2    1    2    2    3   4     -2.07929755
2    1    2    2    4   4     -3.74254465
2    1    2    3    3   4     -2.24589804
2    1    2    3    4   4      3.05577491
2    1    2    5    5   4      5.08571872
2    1    3    1    3   4     11.78656036
2    1    3    2    2   4      8.82171238
2    1    3    2    3   4      6.23789265
2    1    3    2    4   4     11.22763394
2    1    3    3    3   4      6.73769412
2    1    3    3    4   4     -9.16732472
2    1    3    5    5   4    -15.25715615
2    2    2    2    2   4      6.60265650
2    2    2    2    3   4      4.66878318
2    2    2    2    4   4      8.40338100
2    2    2    3    3   4      5.04286220
2    2    2    3    4   4     -6.86133185
2    2    2    5    5   4    -11.41929785
2    2    3    2    3   4      3.30132825
2    2    3    2    4   4      5.94208769
2    2    3    3    3   4      3.56584206
2    2    3    3    4   4     -4.85169428
2    2    3    5    5   4     -8.07466294
2    2    4    2    4   4     10.69521218
2    2    4    3    3   4      6.41818825
2    2    4    3    4   4     -8.73260417
2    2    4    5    5   4    -14.53365181
2    3    3    3    3   4      3.85154962
2    3    3    3    4   4     -5.24042876
2    3    3    5    5   4     -8.72163280
2    3    4    3    4   4      7.13014145
2    3    4    5    5   4     11.86667701
2    5    5    5    5   4     19.74968157
3    1    1    1    1   0      5.73147265
3    1    1    2    2   0      0.47256762
3    1    1    3    3   0      5.20897297
3    2    2    2    2   0      5.50221375
3    2    2    3    3   0      1.68470202
3    2    2    4    4   0      7.71860454
3    3    3    3    3   0      4.81443703
3    3    3    4    4   0      6.30221421
3    5    5    5    5   0      8.22903399
3    1    2    1    2   2      4.85422576
3    1    2    3    4   2      5.72957795
3    2    3    2    3   2      3.43888359
3    3    4    3    4   2     -4.45633841
3    1    1    1    1   4      2.67468724
3    1    1    1    2   4      1.44395663
3    1    1    1    3   4      1.85651567
3    1    1    2    2   4      0.19292492
3    1    1    2    3   4      1.40316195
3    1    1    3    3   4      3.41007328
3    1    2    1    2   4      2.44719672
3    1    2    1    3   4     -1.82476014
3    1    2    2    2   4     -1.47028540
3    1    2    2    3   4     -2.27732589
3    1    2    2    4   4      1.24751488
3    1    2    3    3   4      2.88758320
3    1    2    3    4   4      3.43774677
3    1    3    1    3   4      3.54412074
3    1    3    2    2   4      0.47259173
3    1    3    2    3   4     -0.59408501
3    1    3    2    4   4      0.93563616
3    1    3    3    3   4      3.36884706
3    1    3    3    4   4     -4.58366236
3    1    5    1    5   4      6.03462493
3    2    2    2    2   4      0.55022137
3    2    2    2    3   4     -2.66787610
3    2    2    2    4   4      4.20169050
3    2    2    3    3   4     -0.18010222
3    2    2    3    4   4     -3.43066593
3    2    3    2    3   4      0.37336450
3    2    3    2    4   4      2.97104384
3    2    3    3    3   4      1.78292103
3    2    3    3    4   4     -2.42584714
3    2    4    2    4   4      0.89126768
3    2    4    3    3   4      3.20909413
3    2    4    3    4   4     -4.36630209
3    3    3    3    3   4     -2.88866222
3    3    3    3    4   4     -2.62021438
3    3    4    3    4   4     -0.89126768
3    5    5    5    5   4      6.21657892
3    1    2    1    2   6     -0.90187801
3    1    2    1    3   6     -2.10686399
3    1    2    1    4   6      3.30852028
3    1    2    2    3   6      3.42464385
3    1    2    2    4   6      1.17879076
3    1    3    1    3   6     -1.67248026
3    1    3    1    4   6      3.82035015
3    1    3    2    3   6     -1.69475918
3    1    3    2    4   6     -1.02086275
3    1    5    1    5   6      3.64730078
3    1    5    2    5   6     -1.10663749
3    2    3    2    3   6     -3.93015268
3    2    4    2    4   6     -4.45633841
3    2    5    2    5   6      5.17253565
3    1    1    1    1   8     -1.91049088
3    1    1    1    2   8      0.74565600
3    1    1    1    3   8      4.76947511
3    1    1    2    2   8     -0.21328653
3    1    1    2    3   8      1.09690215
3    1    2    1    2   8     -2.47826983
3    1    2    1    3   8      0.55837959
3    1    2    1    4   8      4.32785704
3    1    2    2    3   8     -2.81044016
3    1    3    1    3   8     -1.40180859
3    1    3    1    4   8     -2.60979599
3    1    3    2    2   8      0.56491973
3    1    3    2    3   8      2.82459864
3    1    4    2    2   8     -1.80063263
3    1    4    2    3   8     -3.60126526
3    1    5    1    5   8      0.99471839
3    1    5    2    5   8     -1.23535339
3    1    5    3    5   8      2.09969701
3    2    2    2    2   8     -2.75110687
3    2    2    2    3   8      2.35809161
3    2    3    2    3   8      0.78603054
3    2    5    2    5   8      1.35281702
3    2    5    3    5   8      2.43460248
3    3    5    3    5   8      3.62077496
3    5    5    5    5   8      2.21139874
3    1    2    1    2  10     -2.57300491
3    1    2    1    3  10      0.72933957
3    1    3    1    3  10     -2.07848777
3    1    5    1    5  10     -1.46839382
3    1    5    2    5  10     -0.94285428
3    1    5    3    5  10      3.43114499
3    2    5    2    5  10     -1.88712290
3    2    5    3    5  10      1.71915757
3    2    5    4    5  10      4.24291222
3    3    5    3    5  10     -1.94964805
3    3    5    4    5  10     -4.32077031
3    1    1    1    1  12     -1.91049088
3    1    1    1    2  12     -1.44395663
3    1    2    1    2  12      2.06522486
3    1    5    1    5  12     -3.17362535
3    1    5    2    5  12     -0.30377797
3    1    5    3    5  12      4.10100266
3    2    5    2    5  12     -3.52414517
3    2    5    3    5  12     -0.17052315
3    2    5    4    5  12      5.03863719
3    3    5    3    5  12     -3.38204254
3    3    5    4    5  12      3.35909146
3    5    5    5    5  12     -2.12919061
3    1    5    1    5  14     -3.43888359
3    1    5    2    5  14      0.54235217
3    1    5    3    5  14      3.59755728
3    2    5    2    5  14     -2.33048310
3    2    5    3    5  14     -2.26224527
3    3    5    3    5  14      2.18838047
3    1    5    1    5  16     -1.46839382
3    1    5    2    5  16      1.25939695
3    2    5    2    5  16      3.12625781
3    5    5    5    5  16     -4.20083553
3    1    5    1    5  18      3.64730078
3    5    5    5    5  20     -0.45214472

efcstrength2
-0.17  -0.035  -0.080

efc2
1    1    1    1    1   0      4.00000000
1    1    1    2    2   0      3.46410162
1    1    1    3    3   0      2.82842712
1    1    1    4    4   0      2.00000000
1    1    1    5    5   0     -4.89897949
1    2    2    2    2   0      3.00000000
1    2    2    3    3   0      2.44948974
1    2    2    4    4   0      1.73205081
1    2    2    5    5   0     -4.24264069
1    3    3    3    3   0      2.00000000
1    3    3    4    4   0      1.41421356
1    3    3    5    5   0     -3.46410162
1    4    4    4    4   0      1.00000000
1    4    4    5    5   0     -2.44948974
1    5    5    5    5   0      6.00000000
2    1    1    1    1   4      9.17035624
2    1    1    1    2   4     -3.46549591
2    1    1    1    3   4     10.39648774
2    1    1    2    2   4      7.78130530
2    1    1    2    3   4      5.50221375
2    1    1    2    4   4      9.90347948
2    1    1    3    3   4      5.94307009
2    1    1    3    4   4     -8.08615713
2    1    1    5    5   4    -13.45777157
2    1    2    1    2   4      1.30961782
2    1    2    1    3   4     -3.92885345
2    1    2    2    2   4     -2.94057079
2    1    2    2    3   4     -2.07929755
2    1    2    2    4   4     -3.74254465
2    1    2    3    3   4     -2.24589804
2    1    2    3    4   4      3.05577491
2    1    2    5    5   4      5.08571872
2    1    3    1    3   4     11.78656036
2    1    3    2    2   4      8.82171238
2    1    3    2    3   4      6.23789265
2    1    3    2    4   4     11.22763394
2    1    3    3    3   4      6.73769412
2    1    3    3    4   4     -9.16732472
2    1    3    5    5   4    -15.25715615
2    2    2    2    2   4      6.60265650
2    2    2    2    3   4      4.66878318
2    2    2    2    4   4      8.40338100
2    2    2    3    3   4      5.04286220
2    2    2    3    4   4     -6.86133185
2    2    2    5    5   4    -11.41929785
2    2    3    2    3   4      3.30132825
2    2    3    2    4   4      5.94208769
2    2    3    3    3   4      3.56584206
2    2    3    3    4   4     -4.85169428
2    2    3    5    5   4     -8.07466294
2    2    4    2    4   4     10.69521218
2    2    4    3    3   4      6.41818825
2    2    4    3    4   4     -8.73260417
2    2    4    5    5   4    -14.53365181
2    3    3    3    3   4      3.85154962
2    3    3    3    4   4     -5.24042876
2    3    3    5    5   4     -8.72163280
2    3    4    3    4   4      7.13014145
2    3    4    5    5   4     11.86667701
2    5    5    5    5   4     19.74968157
3    1    1    1    1   0      5.73147265
3    1    1    2    2   0      0.47256762
3    1    1    3    3   0      5.20897297
3    2    2    2    2   0      5.50221375
3    2    2    3    3   0      1.68470202
3    2    2    4    4   0      7.71860454
3    3    3    3    3   0      4.81443703
3    3    3    4    4   0      6.30221421
3    5    5    5    5   0      8.22903399
3    1    2    1    2   2      4.85422576
3    1    2    3    4   2      5.72957795
3    2    3    2    3   2      3.43888359
3    3    4    3    4   2     -4.45633841
3    1    1    1    1   4      2.67468724
3    1    1    1    2   4      1.44395663
3    1    1    1    3   4      1.85651567
3    1    1    2    2   4      0.19292492
3    1    1    2    3   4      1.40316195
3    1    1    3    3   4      3.41007328
3    1    2    1    2   4      2.44719672
3    1    2    1    3   4     -1.82476014
3    1    2    2    2   4     -1.47028540
3    1    2    2    3   4     -2.27732589
3    1    2    2    4   4      1.24751488
3    1    2    3    3   4      2.88758320
3    1    2    3    4   4      3.43774677
3    1    3    1    3   4      3.54412074
3    1    3    2    2   4      0.47259173
3    1    3    2    3   4     -0.59408501
3    1    3    2    4   4      0.93563616
3    1    3    3    3   4      3.36884706
3    1    3    3    4   4     -4.58366236
3    1    5    1    5   4      6.03462493
3    2    2    2    2   4      0.55022137
3    2    2    2    3   4     -2.66787610
3    2    2    2    4   4      4.20169050
3    2    2    3    3   4     -0.18010222
3    2    2    3    4   4     -3.43066593
3    2    3    2    3   4      0.37336450
3    2    3    2    4   4      2.97104384
3    2    3    3    3   4      1.78292103
3    2    3    3    4   4     -2.42584714
3    2    4    2    4   4      0.89126768
3    2    4    3    3   4      3.20909413
3    2    4    3    4   4     -4.36630209
3    3    3    3    3   4     -2.88866222
3    3    3    3    4   4     -2.62021438
3    3    4    3    4   4     -0.89126768
3    5    5    5    5   4      6.21657892
3    1    2    1    2   6     -0.90187801
3    1    2    1    3   6     -2.10686399
3    1    2    1    4   6      3.30852028
3    1    2    2    3   6      3.42464385
3    1    2    2    4   6      1.17879076
3    1    3    1    3   6     -1.67248026
3    1    3    1    4   6      3.82035015
3    1    3    2    3   6     -1.69475918
3    1    3    2    4   6     -1.02086275
3    1    5    1    5   6      3.64730078
3    1    5    2    5   6     -1.10663749
3    2    3    2    3   6     -3.93015268
3    2    4    2    4   6     -4.45633841
3    2    5    2    5   6      5.17253565
3    1    1    1    1   8     -1.91049088
3    1    1    1    2   8      0.74565600
3    1    1    1    3   8      4.76947511
3    1    1    2    2   8     -0.21328653
3    1    1    2    3   8      1.09690215
3    1    2    1    2   8     -2.47826983
3    1    2    1    3   8      0.55837959
3    1    2    1    4   8      4.32785704
3    1    2    2    3   8     -2.81044016
3    1    3    1    3   8     -1.40180859
3    1    3    1    4   8     -2.60979599
3    1    3    2    2   8      0.56491973
3    1    3    2    3   8      2.82459864
3    1    4    2    2   8     -1.80063263
3    1    4    2    3   8     -3.60126526
3    1    5    1    5   8      0.99471839
3    1    5    2    5   8     -1.23535339
3    1    5    3    5   8      2.09969701
3    2    2    2    2   8     -2.75110687
3    2    2    2    3   8      2.35809161
3    2    3    2    3   8      0.78603054
3    2    5    2    5   8      1.35281702
3    2    5    3    5   8      2.43460248
3    3    5    3    5   8      3.62077496
3    5    5    5    5   8      2.21139874
3    1    2    1    2  10     -2.57300491
3    1    2    1    3  10      0.72933957
3    1    3    1    3  10     -2.07848777
3    1    5    1    5  10     -1.46839382
3    1    5    2    5  10     -0.94285428
3    1    5    3    5  10      3.43114499
3    2    5    2    5  10     -1.88712290
3    2    5    3    5  10      1.71915757
3    2    5    4    5  10      4.24291222
3    3    5    3    5  10     -1.94964805
3    3    5    4    5  10     -4.32077031
3    1    1    1    1  12     -1.91049088
3    1    1    1    2  12     -1.44395663
3    1    2    1    2  12      2.06522486
3    1    5    1    5  12     -3.17362535
3    1    5    2    5  12     -0.30377797
3    1    5    3    5  12      4.10100266
3    2    5    2    5  12     -3.52414517
3    2    5    3    5  12     -0.17052315
3    2    5    4    5  12      5.03863719
3    3    5    3    5  12     -3.38204254
3    3    5    4    5  12      3.35909146
3    5    5    5    5  12     -2.12919061
3    1    5    1    5  14     -3.43888359
3    1    5    2    5  14      0.54235217
3    1    5    3    5  14      3.59755728
3    2    5    2    5  14     -2.33048310
3    2    5    3    5  14     -2.26224527
3    3    5    3    5  14      2.18838047
3    1    5    1    5  16     -1.46839382
3    1    5    2    5  16      1.25939695
3    2    5    2    5  16      3.12625781
3    5    5    5    5  16     -4.20083553
3    1    5    1    5  18      3.64730078
3    5    5    5    5  20     -0.45214472



efcstrength3
0.070000  0.92556

pnefc
1    1    1    1    1   0      2.86573633
1    1    1    2    2   0      0.23628381
1    1    1    3    3   0      2.60448649
1    2    2    2    2   0      2.75110687
1    2    2    3    3   0      0.84235101
1    2    2    4    4   0      3.85930227
1    3    3    3    3   0      2.40721851
1    3    3    4    4   0      3.15110711
1    5    5    5    5   0      4.11451699
1    1    1    1    1   2      2.31988179
1    1    1    1    2   2      0.36465412
1    1    1    2    1   2     -0.36465412
1    1    1    2    2   2      0.18617930
1    1    1    2    3   2      0.33889581
1    1    1    3    2   2     -0.33889581
1    1    1    3    3   2      2.28754670
1    1    2    1    2   2      2.45634542
1    1    2    2    1   2     -0.02923254
1    1    2    2    2   2     -0.40674220
1    1    2    2    3   2     -0.38047249
1    1    2    3    2   2      0.38047249
1    1    2    3    3   2      0.76094499
1    1    2    3    4   2      2.86478898
1    2    1    2    1   2      2.45634542
1    2    1    2    2   2      0.40674220
1    2    1    2    3   2      0.38047249
1    2    1    3    2   2     -0.38047249
1    2    1    3    3   2     -0.76094499
1    2    1    4    3   2      2.86478898
1    2    2    2    2   2      1.80787023
1    2    2    2    3   2     -0.88231709
1    2    2    3    2   2      0.88231709
1    2    2    3    3   2      0.47792176
1    2    2    3    4   2     -1.10724267
1    2    2    4    3   2      1.10724267
1    2    2    4    4   2      2.63640536
1    2    3    2    3   2      1.92577481
1    2    3    3    2   2     -0.20633302
1    2    3    3    3   2      0.96288741
1    2    3    3    4   2     -1.03573068
1    2    3    4    3   2      1.03573068
1    2    3    4    4   2     -2.81843588
1    3    2    3    2   2      1.92577481
1    3    2    3    3   2     -0.96288741
1    3    2    3    4   2      1.03573068
1    3    2    4    3   2     -1.03573068
1    3    2    4    4   2      2.81843588
1    3    3    3    3   2      0.48144370
1    3    3    3    4   2      2.07146135
1    3    3    4    3   2     -2.07146135
1    3    3    4    4   2     -1.40921794
1    3    4    4    3   2     -2.22816920
1    5    5    5    5   2      3.76924284
1    1    1    1    1   4      1.33734362
1    1    1    1    2   4      0.51051576
1    1    1    1    3   4      0.65637741
1    1    1    2    1   4     -0.51051576
1    1    1    2    2   4      0.09646246
1    1    1    2    3   4      0.49609266
1    1    1    3    1   4      0.65637741
1    1    1    3    2   4     -0.49609266
1    1    1    3    3   4      1.70503664
1    1    2    1    2   4      1.14629453
1    1    2    1    3   4     -0.98253817
1    1    2    2    1   4     -0.07730383
1    1    2    2    2   4     -0.51982439
1    1    2    2    3   4     -0.13614448
1    1    2    2    4   4      0.62375744
1    1    2    3    1   4      0.07015810
1    1    2    3    2   4      1.00251846
1    1    2    3    3   4      1.02091483
1    1    2    3    4   4      1.71887339
1    1    3    1    3   4      1.71944180
1    1    3    2    1   4     -0.07015810
1    1    3    2    2   4      0.16708641
1    1    3    2    3   4     -0.51982439
1    1    3    2    4   4      0.46781808
1    1    3    3    1   4      0.05261857
1    1    3    3    2   4     -0.22278188
1    1    3    3    3   4      1.19106730
1    1    3    3    4   4     -2.29183118
1    1    5    1    5   4      3.01731246
1    2    1    2    1   4      1.14629453
1    2    1    2    2   4      0.51982439
1    2    1    2    3   4      1.00251846
1    2    1    3    1   4      0.98253817
1    2    1    3    2   4     -0.13614448
1    2    1    3    3   4     -1.02091483
1    2    1    4    2   4     -0.62375744
1    2    1    4    3   4      1.71887339
1    2    2    2    2   4      0.27511069
1    2    2    2    3   4     -0.94323664
1    2    2    2    4   4      1.48552192
1    2    2    3    1   4      0.16708641
1    2    2    3    2   4      0.94323664
1    2    2    3    3   4     -0.09005111
1    2    2    3    4   4     -1.21292357
1    2    2    4    2   4      1.48552192
1    2    2    4    3   4      1.21292357
1    2    3    2    3   4     -0.27511069
1    2    3    2    4   4      1.98069590
1    2    3    3    1   4      0.22278188
1    2    3    3    2   4     -0.46179294
1    2    3    3    3   4      0.63035777
1    2    3    3    4   4      0.90969268
1    2    3    4    2   4     -0.49517397
1    2    3    4    3   4      2.12261625
1    2    4    3    2   4      0.49517397
1    2    4    3    3   4      1.13458611
1    2    4    4    2   4      0.44563384
1    2    4    4    3   4      2.18315104
1    3    1    3    1   4      1.71944180
1    3    1    3    2   4      0.51982439
1    3    1    3    3   4      1.19106730
1    3    1    4    2   4      0.46781808
1    3    1    4    3   4      2.29183118
1    3    2    3    2   4     -0.27511069
1    3    2    3    3   4     -0.63035777
1    3    2    3    4   4      2.12261625
1    3    2    4    2   4     -1.98069590
1    3    2    4    3   4      0.90969268
1    3    3    3    3   4     -1.44433111
1    3    3    3    4   4     -0.92638568
1    3    3    4    2   4      1.13458611
1    3    3    4    3   4      0.92638568
1    3    4    4    2   4     -2.18315104
1    3    4    4    3   4      0.44563384
1    5    1    5    1   4      3.01731246
1    5    5    5    5   4      3.10828946
1    1    1    1    1   6      0.13646363
1    1    1    1    2   6      0.48376835
1    1    1    1    3   6      1.25686705
1    1    1    2    1   6     -0.48376835
1    1    1    2    2   6     -0.01180079
1    1    1    2    3   6      0.52030638
1    1    1    3    1   6      1.25686705
1    1    1    3    2   6     -0.52030638
1    1    1    3    3   6      0.95586385
1    1    2    1    2   6     -0.32751272
1    1    2    1    3   6     -0.85090301
1    1    2    1    4   6      1.65426014
1    1    2    2    1   6     -0.12342628
1    1    2    2    2   6     -0.38348023
1    1    2    2    3   6      0.12720106
1    1    2    2    4   6      0.58939538
1    1    2    3    1   6      0.20252898
1    1    2    3    2   6      1.58512087
1    1    2    3    3   6      0.86283051
1    1    3    1    3   6     -0.57314727
1    1    3    1    4   6      1.91017507
1    1    3    2    1   6     -0.20252898
1    1    3    2    2   6      0.26291536
1    1    3    2    3   6     -0.23726629
1    1    3    2    4   6     -0.51043137
1    1    3    3    1   6      0.26309287
1    1    3    3    2   6     -0.61011331
1    1    3    3    3   6      1.74354400
1    1    4    2    2   6     -0.32282515
1    1    4    2    3   6     -0.59306766
1    1    4    3    2   6      0.59306766
1    1    4    3    3   6      1.93695087
1    1    5    1    5   6      1.82365039
1    1    5    2    5   6     -0.55331875
1    2    1    2    1   6     -0.32751272
1    2    1    2    2   6      0.38348023
1    2    1    2    3   6      1.58512087
1    2    1    3    1   6      0.85090301
1    2    1    3    2   6      0.12720106
1    2    1    3    3   6     -0.86283051
1    2    1    4    1   6      1.65426014
1    2    1    4    2   6     -0.58939538
1    2    2    2    2   6     -1.13974428
1    2    2    2    3   6     -0.28880606
1    2    2    2    4   6      2.17458143
1    2    2    3    1   6      0.26291536
1    2    2    3    2   6      0.28880606
1    2    2    3    3   6     -0.53057061
1    2    2    4    1   6      0.32282515
1    2    2    4    2   6      2.17458143
1    2    3    2    3   6     -1.51310878
1    2    3    2    4   6     -1.18369220
1    2    3    3    1   6      0.61011331
1    2    3    3    2   6     -0.45196756
1    2    3    3    3   6     -0.67388081
1    2    3    4    1   6      0.59306766
1    2    3    4    2   6     -1.18369220
1    2    4    3    2   6      1.18369220
1    2    4    3    3   6     -0.36243024
1    2    4    4    2   6      2.22816920
1    2    5    2    5   6      2.58626783
1    3    1    3    1   6     -0.57314727
1    3    1    3    2   6      0.23726629
1    3    1    3    3   6      1.74354400
1    3    1    4    1   6     -1.91017507
1    3    1    4    2   6     -0.51043137
1    3    2    3    2   6     -1.51310878
1    3    2    3    3   6      0.67388081
1    3    2    4    1   6     -0.59306766
1    3    2    4    2   6      1.18369220
1    3    3    3    3   6      0.48144370
1    3    3    4    1   6     -1.93695087
1    3    3    4    2   6     -0.36243024
1    5    1    5    1   6      1.82365039
1    5    1    5    2   6      0.55331875
1    5    2    5    2   6      2.58626783
1    5    5    5    5   6      2.19084671
1    1    1    1    1   8     -0.95524544
1    1    1    1    2   8      0.26362921
1    1    1    1    3   8      1.68626410
1    1    1    2    1   8     -0.26362921
1    1    1    2    2   8     -0.10664326
1    1    1    2    3   8      0.38781347
1    1    1    3    1   8      1.68626410
1    1    1    3    2   8     -0.38781347
1    1    2    1    2   8     -1.37555344
1    1    2    1    3   8     -0.10862368
1    1    2    1    4   8      2.16392852
1    1    2    2    1   8     -0.13641852
1    1    2    2    3   8      0.28104402
1    1    2    3    1   8      0.38781347
1    1    2    3    2   8      1.68626410
1    1    3    1    3   8     -1.49018289
1    1    3    1    4   8     -1.30489800
1    1    3    2    1   8     -0.38781347
1    1    3    2    2   8      0.19972929
1    1    3    2    3   8      0.39544381
1    1    3    3    1   8      0.78927860
1    1    3    3    2   8     -1.01685551
1    1    4    2    2   8     -0.63661977
1    1    4    2    3   8      0.22507908
1    1    4    3    2   8      2.02571171
1    1    5    1    5   8      0.49735920
1    1    5    2    5   8     -0.61767669
1    1    5    3    5   8      1.04984851
1    2    1    2    1   8     -1.37555344
1    2    1    2    3   8      1.68626410
1    2    1    3    1   8      0.10862368
1    2    1    3    2   8      0.28104402
1    2    1    4    1   8      2.16392852
1    2    2    2    2   8     -1.37555344
1    2    2    2    3   8      0.83371128
1    2    2    3    1   8      0.19972929
1    2    2    3    2   8     -0.83371128
1    2    2    4    1   8      0.63661977
1    2    3    2    3   8      0.68777672
1    2    3    3    1   8      1.01685551
1    2    3    3    2   8      0.29476145
1    2    3    4    1   8      2.02571171
1    2    5    2    5   8      0.67640851
1    2    5    3    5   8      1.21730124
1    3    1    3    1   8     -1.49018289
1    3    1    3    2   8     -0.39544381
1    3    1    4    1   8      1.30489800
1    3    2    3    2   8      0.68777672
1    3    2    4    1   8      0.22507908
1    3    5    3    5   8      1.81038748
1    5    1    5    1   8      0.49735920
1    5    1    5    2   8      0.61767669
1    5    1    5    3   8      1.04984851
1    5    2    5    2   8      0.67640851
1    5    2    5    3   8     -1.21730124
1    5    3    5    3   8      1.81038748
1    5    5    5    5   8      1.10569937
1    1    1    1    1  10     -1.50109998
1    1    1    1    2  10     -0.11759742
1    1    1    1    3  10      1.61669722
1    1    1    2    1  10      0.11759742
1    1    1    2    2  10     -0.14343045
1    1    1    3    1  10      1.61669722
1    1    2    1    2  10     -1.21179708
1    1    2    1    3  10      0.90051111
1    1    2    2    1  10     -0.07470538
1    1    2    2    2  10      0.47935028
1    1    2    3    1  10      0.53584132
1    1    3    1    3  10      0.80240617
1    1    3    2    1  10     -0.53584132
1    1    3    2    2  10     -0.18305491
1    1    3    3    1  10      1.84165006
1    1    5    1    5  10     -0.73419691
1    1    5    2    5  10     -0.47142714
1    1    5    3    5  10      1.71557250
1    2    1    2    1  10     -1.21179708
1    2    1    2    2  10     -0.47935028
1    2    1    3    1  10     -0.90051111
1    2    2    2    2  10      0.98253817
1    2    2    3    1  10     -0.18305491
1    2    5    2    5  10     -0.94356145
1    2    5    3    5  10      0.85957878
1    2    5    4    5  10      2.12145611
1    3    1    3    1  10      0.80240617
1    3    5    3    5  10     -0.97482403
1    3    5    4    5  10     -2.16038516
1    5    1    5    1  10     -0.73419691
1    5    1    5    2  10      0.47142714
1    5    1    5    3  10      1.71557250
1    5    2    5    2  10     -0.94356145
1    5    2    5    3  10     -0.85957878
1    5    2    5    4  10      2.12145611
1    5    3    5    3  10     -0.97482403
1    5    3    5    4  10      2.16038516
1    5    5    5    5  10     -0.02877285
1    1    1    1    1  12     -0.95524544
1    1    1    1    2  12     -0.51051576
1    1    1    2    1  12      0.51051576
1    1    2    1    2  12      1.14629453
1    1    2    2    1  12      0.11368210
1    1    5    1    5  12     -1.58681268
1    1    5    2    5  12     -0.15188899
1    1    5    3    5  12      2.05050133
1    2    1    2    1  12      1.14629453
1    2    5    2    5  12     -1.76207258
1    2    5    3    5  12     -0.08526158
1    2    5    4    5  12      2.51931860
1    3    5    3    5  12     -1.69102127
1    3    5    4    5  12      1.67954573
1    5    1    5    1  12     -1.58681268
1    5    1    5    2  12      0.15188899
1    5    1    5    3  12      2.05050133
1    5    2    5    2  12     -1.76207258
1    5    2    5    3  12      0.08526158
1    5    2    5    4  12      2.51931860
1    5    3    5    3  12     -1.69102127
1    5    3    5    4  12     -1.67954573
1    5    5    5    5  12     -1.06459531
1    1    1    1    1  14      1.33734362
1    1    5    1    5  14     -1.71944180
1    1    5    2    5  14      0.27117608
1    1    5    3    5  14      1.79877864
1    2    5    2    5  14     -1.16524155
1    2    5    3    5  14     -1.13112264
1    3    5    3    5  14      1.09419023
1    5    1    5    1  14     -1.71944180
1    5    1    5    2  14     -0.27117608
1    5    1    5    3  14      1.79877864
1    5    2    5    2  14     -1.16524155
1    5    2    5    3  14      1.13112264
1    5    3    5    3  14      1.09419023
1    5    5    5    5  14     -1.82419844
1    1    5    1    5  16     -0.73419691
1    1    5    2    5  16      0.62969848
1    2    5    2    5  16      1.56312891
1    5    1    5    1  16     -0.73419691
1    5    1    5    2  16     -0.62969848
1    5    2    5    2  16      1.56312891
1    5    5    5    5  16     -2.10041777
1    1    5    1    5  18      1.82365039
1    5    1    5    1  18      1.82365039
1    5    5    5    5  18     -1.65649386
1    5    5    5    5  20     -0.22607236
1    5    5    5    5  22      2.48679599
2    1    1    1    1    0    0.00003125
2    1    1    1    1    2    0.00003125
2    1    1    1    1    4    0.00003125
2    1    1    1    1    6    0.00003125
2    1    1    1    1    8    0.00003125
2    1    1    1    1    10    0.00003125
2    1    1    1    1    12    0.00003125
2    1    1    1    1    14    0.00003125
2    1    2    1    2    2    0.01874875
2    1    2    1    2    4    0.01874875
2    1    2    1    2    6    0.01874875
2    1    2    1    2    8    0.01874875
2    1    2    1    2    10    0.01874875
2    1    2    1    2    12    0.01874875
2    1    3    1    3    4    -0.08554125
2    1    3    1    3    6    -0.08554125
2    1    3    1    3    8    -0.08554125
2    1    3    1    3    10    -0.08554125
2    1    4    1    4    6    -0.04507625
2    1    4    1    4    8    -0.04507625
2    1    5    1    5    4    0.24807646
2    1    5    1    5    6    0.24807646
2    1    5    1    5    8    0.24807646
2    1    5    1    5    10    0.24807646
2    1    5    1    5    12    0.24807646
2    1    5    1    5    14    0.24807646
2    1    5    1    5    16    0.24807646
2    1    5    1    5    18    0.24807646
2    2    1    2    1    2    0.01874875
2    2    1    2    1    4    0.01874875
2    2    1    2    1    6    0.01874875
2    2    1    2    1    8    0.01874875
2    2    1    2    1    10    0.01874875
2    2    1    2    1    12    0.01874875
2    2    2    2    2    0    0.10170695
2    2    2    2    2    2    0.10170695
2    2    2    2    2    4    0.10170695
2    2    2    2    2    6    0.10170695
2    2    2    2    2    8    0.10170695
2    2    2    2    2    10    0.10170695
2    2    3    2    3    2    0.33171750
2    2    3    2    3    4    0.33171750
2    2    3    2    3    6    0.33171750
2    2    3    2    3    8    0.33171750
2    2    4    2    4    4    0.06660166
2    2    4    2    4    6    0.06660166
2    2    5    2    5    6    -0.03322194
2    2    5    2    5    8    -0.03322194
2    2    5    2    5    10    -0.03322194
2    2    5    2    5    12    -0.03322194
2    2    5    2    5    14    -0.03322194
2    2    5    2    5    16    -0.03322194
2    3    1    3    1    4    -0.08554125
2    3    1    3    1    6    -0.08554125
2    3    1    3    1    8    -0.08554125
2    3    1    3    1    10    -0.08554125
2    3    2    3    2    2    0.33171750
2    3    2    3    2    4    0.33171750
2    3    2    3    2    6    0.33171750
2    3    2    3    2    8    0.33171750
2    3    3    3    3    0    -0.10019625
2    3    3    3    3    2    -0.10019625
2    3    3    3    3    4    -0.10019625
2    3    3    3    3    6    -0.10019625
2    3    4    3    4    2    0.43508000
2    3    4    3    4    4    0.43508000
2    3    5    3    5    8    -0.02346583
2    3    5    3    5    10    -0.02346583
2    3    5    3    5    12    -0.02346583
2    3    5    3    5    14    -0.02346583
2    4    1    4    1    6    -0.04507625
2    4    1    4    1    8    -0.04507625
2    4    2    4    2    4    0.06660166
2    4    2    4    2    6    0.06660166
2    4    3    4    3    2    0.43508000
2    4    3    4    3    4    0.43508000
2    4    4    4    4    0    0.60998500
2    4    4    4    4    2    0.60998500
2    4    5    4    5    10    0.09244500
2    4    5    4    5    12    0.09244500
2    5    1    5    1    4    0.24807646
2    5    1    5    1    6    0.24807646
2    5    1    5    1    8    0.24807646
2    5    1    5    1    10    0.24807646
2    5    1    5    1    12    0.24807646
2    5    1    5    1    14    0.24807646
2    5    1    5    1    16    0.24807646
2    5    1    5    1    18    0.24807646
2    5    2    5    2    6    -0.03322194
2    5    2    5    2    8    -0.03322194
2    5    2    5    2    10    -0.03322194
2    5    2    5    2    12    -0.03322194
2    5    2    5    2    14    -0.03322194
2    5    2    5    2    16    -0.03322194
2    5    3    5    3    8    -0.02346583
2    5    3    5    3    10    -0.02346583
2    5    3    5    3    12    -0.02346583
2    5    3    5    3    14    -0.02346583
2    5    4    5    4    10    0.09244500
2    5    4    5    4    12    0.09244500
2    5    5    5    5    0    -0.06737764
2    5    5    5    5    2    -0.06737764
2    5    5    5    5    4    -0.06737764
2    5    5    5    5    6    -0.06737764
2    5    5    5    5    8    -0.06737764
2    5    5    5    5    10    -0.06737764
2    5    5    5    5    12    -0.06737764
2    5    5    5    5    14    -0.06737764
2    5    5    5    5    16    -0.06737764
2    5    5    5    5    18    -0.06737764
2    5    5    5    5    20    -0.06737764
2    5    5    5    5    22    -0.06737764


eg1
1.500    1.0   3.91

eg2
-0.5000  0.0  -2.68

bej
4

mcal
1

num1
6

num2
6

alpha1
4.33195830385423

alpha2
4.33195830385423

