# 测试输入

nucleus1
0 8 7
2 4 5
2 4 3
4 0 1
0 10 11

nucleus2
0 10 9
2 6 7
2 6 5
4 2 3
4 2 1
0 12 13

energy1
-0.19392272 -0.36722270 2.45624118 2.71147885 2.01885944

energy2
1.35292300 -1.08623249 1.69663730 0.47103342 1.27303342 1.13244657

rorder1
0   4
0 99  0 1
1   1  -1

rorder2
0   4   8  12  16  6
0 99  0 1
0  1  2 3 4 5
1   1   1   1  1 -1

ystrget1
   5   5   1  0.05896072
   1   1   1 -0.58071330
   2   2   1 -0.80705351
   3   3   1 -0.07110674
   4   4   1 -0.05389029
   5   5   2 -0.05755669
   1   1   2 -0.74190326
   1   2   2  0.17431697
   1   3   2 -0.12735233
   2   1   2 -0.17431697
   2   2   2 -0.55338385
   2   3   2 -0.06637801
   2   4   2 -0.12128454
   3   1   2 -0.12735233
   3   2   2  0.06637801
   3   3   2 -0.05691439
   3   4   2  0.05172931
   4   2   2 -0.12128454
   4   3   2 -0.05172931

ystrget2
   6   6   1  0.00050580
   1   1   1 -0.12097115
   2   2   1 -0.97227000
   3   3   1 -0.09001702
   4   4   1 -0.16694546
   5   5   1 -0.06389772
   6   6   2 -0.08791280
   1   1   2 -0.09755427
   1   2   2  0.03706862
   1   3   2 -0.07465023
   2   1   2 -0.03706862
   2   2   2 -0.84234796
   2   3   2 -0.05433205
   2   4   2 -0.31941725
   3   1   2 -0.07465023
   3   2   2  0.05433205
   3   3   2 -0.06996576
   3   4   2  0.04577172
   3   5   2 -0.06829101
   4   2   2 -0.31941725
   4   3   2 -0.04577172
   4   4   2 -0.12563933
   4   5   2 -0.08704701
   5   3   2 -0.06829101
   5   4   2  0.08704701
   6   6   3  0.05227291
   1   1   3  0.00002837
   1   2   3  0.00862162
   1   3   3 -0.00054765
   1   4   3  0.00197188
   1   5   3 -0.00066449
   2   1   3 -0.00862162
   2   2   3 -0.99220005
   2   3   3  0.00584994
   2   4   3 -0.07911438
   2   5   3 -0.00100184
   3   1   3 -0.00054765
   3   2   3 -0.00584994
   3   3   3  0.00034571
   3   4   3  0.00547466
   4   1   3 -0.00197188
   4   2   3 -0.07911438
   4   3   3 -0.00547466
   5   1   3 -0.00066449
   5   2   3  0.00100184
   6   6   4  0.02120164
   1   1   4  0.00042837
   1   2   4 -0.00017280
   1   3   4 -0.00035862
   1   4   4  0.00359083
   2   1   4  0.00017280
   2   2   4 -0.99968871
   2   3   4 -0.00856414
   3   1   4 -0.00035862
   3   2   4  0.00856414
   4   1   4 -0.00359083
   6   6   5  0.02924173
   1   1   5 -0.01006993
   1   2   5  0.70676853
   2   1   5 -0.70676853
   6   2   6  0.70710678
   2   6   6  0.70710678

efcstrength1
1.0  0.66

efc1
1    1    1    1    1   0     -0.66328682
1    1    1    2    2   0     -0.46214740
1    1    1    3    3   0     -0.49791985
1    1    1    4    4   0     -0.26000000
1    1    1    5    5   0     -0.52072500
1    2    2    2    2   0     -0.52755534
1    2    2    3    3   0     -0.36055122
1    2    2    4    4   0     -0.41813172
1    2    2    5    5   0      1.11966887
1    3    3    3    3   0     -0.38036093
1    3    3    4    4   0     -0.34140312
1    3    3    5    5   0     -0.45033321
1    4    4    4    4   0     -0.13000000
1    4    4    5    5   0     -0.31843367
1    5    5    5    5   0     -0.98572585
1    1    2    1    2   2     -0.12135564
1    1    2    3    4   2     -0.14323945
1    2    3    2    3   2     -0.08597209
1    3    4    3    4   2      0.11140846
1    1    1    1    1   4     -0.39700001
1    1    1    1    2   4      0.08865894
1    1    1    1    3   4     -0.42068645
1    1    1    2    2   4     -0.28495011
1    1    1    2    3   4     -0.23315874
1    1    1    2    4   4     -0.35652526
1    1    1    3    3   4     -0.29920236
1    1    1    3    4   4      0.29110166
1    1    1    5    5   4     -0.42279832
1    1    2    1    2   4     -0.10832616
1    1    2    1    3   4      0.18705773
1    1    2    2    2   4      0.14261768
1    1    2    2    3   4      0.13178786
1    1    2    2    4   4      0.10354374
1    1    2    3    3   4      0.00866275
1    1    2    3    4   4     -0.19595157
1    1    2    5    5   4     -0.16655729
1    1    3    1    3   4     -0.51291919
1    1    3    2    2   4     -0.32939644
1    1    3    2    3   4     -0.20971201
1    1    3    2    4   4     -0.42758573
1    1    3    3    3   4     -0.32677816
1    1    3    3    4   4      0.44461525
1    1    3    5    5   4     -0.54925762
1    1    5    1    5   4     -0.14942881
1    2    2    2    2   4     -0.25145117
1    2    2    2    3   4     -0.10137929
1    2    2    2    4   4     -0.40756398
1    2    2    3    3   4     -0.17704048
1    2    2    3    4   4      0.33277459
1    2    2    5    5   4      0.87357629
1    2    3    2    3   4     -0.12818193
1    2    3    2    4   4     -0.28819125
1    2    3    3    3   4     -0.17294334
1    2    3    3    4   4      0.23530717
1    2    3    5    5   4     -0.29068787
1    2    4    2    4   4     -0.40730933
1    2    4    3    3   4     -0.31128213
1    2    4    3    4   4      0.42353130
1    2    4    5    5   4     -0.52321147
1    3    3    3    3   4     -0.06643923
1    3    3    3    4   4      0.25416079
1    3    3    5    5   4     -0.31397878
1    3    4    3    4   4     -0.23440340
1    3    4    5    5   4      0.42720037
1    5    5    5    5   4     -0.86640301
1    1    2    1    2   6      0.02254695
1    1    2    1    3   6      0.05267160
1    1    2    1    4   6     -0.08271301
1    1    2    2    3   6     -0.08561610
1    1    2    2    4   6     -0.02946977
1    1    3    1    3   6      0.04181201
1    1    3    1    4   6     -0.09550875
1    1    3    2    3   6      0.04236898
1    1    3    2    4   6      0.02552157
1    1    5    1    5   6     -0.09779819
1    1    5    2    5   6      0.02331843
1    2    3    2    3   6      0.09825382
1    2    4    2    4   6      0.11140846
1    2    5    2    5   6     -0.13187124
1    1    1    1    1   8      0.04776227
1    1    1    1    2   8     -0.01864140
1    1    1    1    3   8     -0.11923688
1    1    1    2    2   8      0.00533216
1    1    1    2    3   8     -0.02742255
1    1    1    5    5   8     -0.02311305
1    1    2    1    2   8      0.06195675
1    1    2    1    3   8     -0.01395949
1    1    2    1    4   8     -0.10819643
1    1    2    2    3   8      0.07026100
1    1    2    5    5   8     -0.38494445
1    1    3    1    3   8      0.03504521
1    1    3    1    4   8      0.06524490
1    1    3    2    2   8     -0.01412299
1    1    3    2    3   8     -0.07061497
1    1    4    2    2   8      0.04501582
1    1    4    2    3   8      0.09003163
1    1    5    1    5   8     -0.00729460
1    1    5    2    5   8      0.04975729
1    1    5    3    5   8     -0.05249243
1    2    2    2    2   8      0.06877767
1    2    2    2    3   8     -0.05895229
1    2    2    5    5   8      0.60559972
1    2    3    2    3   8     -0.01965076
1    2    5    2    5   8     -0.01591549
1    2    5    3    5   8     -0.06086506
1    3    5    3    5   8     -0.09051937
1    5    5    5    5   8     -0.05528497
1    1    2    1    2  10      0.06432512
1    1    2    1    3  10     -0.01823349
1    1    3    1    3  10      0.05196219
1    1    5    1    5  10      0.00233680
1    1    5    2    5  10     -0.02981083
1    1    5    3    5  10     -0.08577862
1    2    5    2    5  10     -0.02444165
1    2    5    3    5  10     -0.04297894
1    2    5    4    5  10     -0.10607281
1    3    5    3    5  10      0.04874120
1    3    5    4    5  10      0.10801926
1    1    1    1    1  12      0.04776227
1    1    1    1    2  12      0.03609892
1    1    1    5    5  12     -0.06288704
1    1    2    1    2  12     -0.05163062
1    1    2    5    5  12     -0.17048905
1    1    5    1    5  12      0.13217123
1    1    5    2    5  12      0.12454897
1    1    5    3    5  12     -0.10252507
1    2    5    2    5  12      0.30296280
1    2    5    3    5  12      0.00426308
1    2    5    4    5  12     -0.12596593
1    3    5    3    5  12      0.08455106
1    3    5    4    5  12     -0.08397729
1    5    5    5    5  12      0.05322977
1    1    5    1    5  14      0.02429955
1    1    5    2    5  14     -0.22236439
1    1    5    3    5  14     -0.08993893
1    2    5    2    5  14     -0.47888586
1    2    5    3    5  14      0.05655613
1    3    5    3    5  14     -0.05470951
1    1    5    1    5  16      0.07583544
1    1    5    2    5  16      0.25943577
1    2    5    2    5  16      1.10356901
1    5    5    5    5  16      0.10502089
1    1    5    1    5  18     -0.04012031
1    5    5    5    5  20      0.01130362
2    2    5    2    5   6     -4.0

efcstrength2
1.0   0.57

efc2
1    1    1    1    1   0     -0.95376656
1    1    1    2    2   0     -0.67929376
1    1    1    3    3   0     -0.74238676
1    1    1    4    4   0     -0.47434165
1    1    1    5    5   0     -0.33541020
1    1    1    6    6   0     -0.82000388
1    2    2    2    2   0     -0.80012787
1    2    2    3    3   0     -0.54734577
1    2    2    4    4   0     -0.68471272
1    2    2    5    5   0     -0.30000000
1    2    2    6    6   0      0.53269046
1    3    3    3    3   0     -0.64212275
1    3    3    4    4   0     -0.41754683
1    3    3    5    5   0     -0.50790562
1    3    3    6    6   0     -0.68738635
1    4    4    4    4   0     -0.46810741
1    4    4    5    5   0     -0.44987181
1    4    4    6    6   0     -0.56124861
1    5    5    5    5   0     -0.15000000
1    5    5    6    6   0     -0.39686270
1    6    6    6    6   0     -1.32546048
1    1    2    1    2   2     -0.18615444
1    1    2    3    4   2     -0.19591619
1    2    3    2    3   2     -0.16810741
1    2    3    4    5   2     -0.22969412
1    3    4    3    4   2     -0.12220826
1    4    5    4    5   2      0.16810741
1    1    1    1    1   4     -0.49138614
1    1    1    1    2   4      0.06581464
1    1    1    1    3   4     -0.43494108
1    1    1    2    2   4     -0.32328543
1    1    1    2    3   4     -0.18315972
1    1    1    2    4   4     -0.43126346
1    1    1    3    3   4     -0.40037164
1    1    1    3    4   4      0.17606257
1    1    1    3    5   4     -0.32938291
1    1    1    4    4   4     -0.20601676
1    1    1    4    5   4     -0.29135169
1    1    1    6    6   4     -0.44808696
1    1    2    1    2   4     -0.15700786
1    1    2    1    3   4      0.14631261
1    1    2    2    2   4      0.12071596
1    1    2    2    3   4      0.09131646
1    1    2    2    4   4      0.09375456
1    1    2    3    3   4      0.01883009
1    1    2    3    4   4     -0.20879829
1    1    2    3    5   4      0.08983592
1    1    2    4    4   4      0.05618903
1    1    2    4    5   4      0.07946328
1    1    2    6    6   4     -0.06978308
1    1    3    1    3   4     -0.60127186
1    1    3    2    2   4     -0.35694775
1    1    3    2    3   4     -0.15308338
1    1    3    2    4   4     -0.49394510
1    1    3    3    3   4     -0.35947822
1    1    3    3    4   4      0.24783013
1    1    3    3    5   4     -0.53769708
1    1    3    4    4   4     -0.22824090
1    1    3    4    5   4     -0.32278138
1    1    3    6    6   4     -0.54659257
1    1    6    1    6   4     -0.21663107
1    2    2    2    2   4     -0.37517304
1    2    2    2    3   4     -0.07268197
1    2    2    2    4   4     -0.45984608
1    2    2    3    3   4     -0.25041923
1    2    2    3    4   4      0.23206740
1    2    2    3    5   4     -0.29196675
1    2    2    4    4   4     -0.35311800
1    2    2    4    5   4     -0.25825567
1    2    2    6    6   4      0.68657094
1    2    3    2    3   4     -0.15675082
1    2    3    2    4   4     -0.24301206
1    2    3    3    3   4     -0.18368704
1    2    3    3    4   4      0.17160967
1    2    3    3    5   4     -0.08885440
1    2    3    4    4   4      0.02191014
1    2    3    4    5   4     -0.26433539
1    2    3    6    6   4     -0.21424502
1    2    4    2    4   4     -0.64394723
1    2    4    3    3   4     -0.34411699
1    2    4    3    4   4      0.18184598
1    2    4    3    5   4     -0.44011476
1    2    4    4    4   4     -0.38850450
1    2    4    4    5   4     -0.54942833
1    2    4    6    6   4     -0.59329390
1    3    3    3    3   4     -0.22209390
1    3    3    3    4   4      0.04643427
1    3    3    3    5   4     -0.38850450
1    3    3    4    4   4     -0.14959499
1    3    3    4    5   4     -0.32522837
1    3    3    6    6   4     -0.37108326
1    3    4    3    4   4     -0.09470109
1    3    4    3    5   4      0.27485028
1    3    4    4    4   4      0.15860630
1    3    4    4    5   4      0.22430318
1    3    4    6    6   4      0.24221122
1    3    5    3    5   4     -0.33116961
1    3    5    4    4   4     -0.29672521
1    3    5    4    5   4     -0.41963282
1    3    5    6    6   4     -0.45313570
1    4    4    4    4   4     -0.01748317
1    4    4    4    5   4     -0.26246471
1    4    4    6    6   4     -0.28341952
1    4    5    4    5   4     -0.20307375
1    4    5    6    6   4     -0.40081573
1    6    6    6    6   4     -0.90440032
1    1    2    1    2   6     -0.05023420
1    1    2    1    3   6      0.05195568
1    1    2    1    4   6     -0.06683906
1    1    2    2    3   6     -0.06745511
1    1    2    2    4   6     -0.03081380
1    1    2    3    4   6     -0.11368790
1    1    3    1    3   6     -0.05034575
1    1    3    1    4   6     -0.06548864
1    1    3    2    3   6      0.03671791
1    1    3    2    4   6     -0.00377390
1    1    3    2    5   6     -0.03050411
1    1    3    3    4   6      0.06188386
1    1    3    3    5   6     -0.09686356
1    1    4    1    4   6     -0.11207161
1    1    4    2    4   6      0.02583334
1    1    4    2    5   6      0.02237233
1    1    4    3    4   6     -0.08664765
1    1    4    3    5   6     -0.15500003
1    1    6    1    6   6     -0.16104067
1    1    6    2    6   6      0.02223165
1    2    3    2    3   6      0.03735720
1    2    3    2    4   6     -0.07679224
1    2    3    2    5   6     -0.11084005
1    2    3    3    4   6     -0.14309389
1    2    3    3    5   6      0.05119483
1    2    4    2    4   6      0.06633486
1    2    4    2    5   6      0.13865265
1    2    4    3    4   6     -0.06854346
1    2    4    3    5   6      0.04803069
1    2    5    3    4   6      0.00825542
1    2    6    2    6   6     -0.19952799
1    3    4    3    4   6      0.13256145
1    3    4    3    5   6     -0.01271005
1    3    5    3    5   6      0.14323945
1    1    1    1    1   8     -0.00308737
1    1    1    1    2   8     -0.03368200
1    1    1    1    3   8     -0.11807482
1    1    1    2    2   8      0.00024743
1    1    1    2    3   8     -0.03442724
1    1    1    3    3   8     -0.07021280
1    1    1    6    6   8      0.00549725
1    1    2    1    2   8      0.01991077
1    1    2    1    3   8      0.03038025
1    1    2    1    4   8     -0.11534691
1    1    2    2    2   8      0.02851184
1    1    2    2    3   8      0.09611307
1    1    2    2    4   8     -0.02981146
1    1    2    3    3   8     -0.05884225
1    1    2    3    4   8     -0.06110541
1    1    2    6    6   8     -0.27287629
1    1    3    1    3   8      0.02877732
1    1    3    1    4   8     -0.05026976
1    1    3    1    5   8     -0.11670814
1    1    3    2    2   8     -0.01218976
1    1    3    2    3   8     -0.00806313
1    1    3    2    4   8      0.00747054
1    1    3    2    5   8     -0.02690210
1    1    3    3    3   8     -0.15578884
1    1    3    3    4   8      0.04793503
1    1    4    1    4   8      0.05094164
1    1    4    1    5   8      0.13516344
1    1    4    2    2   8      0.02085760
1    1    4    2    3   8      0.04250595
1    1    4    2    4   8      0.00921612
1    1    4    2    5   8     -0.02726166
1    1    4    3    3   8     -0.05978548
1    1    4    3    4   8     -0.11334331
1    1    5    2    3   8      0.01701438
1    1    5    2    4   8     -0.03056642
1    1    5    3    3   8     -0.06309101
1    1    5    3    4   8      0.13669718
1    1    6    1    6   8     -0.08519671
1    1    6    2    6   8      0.03446341
1    1    6    3    6   8     -0.04539710
1    2    2    2    2   8      0.06670929
1    2    2    2    3   8      0.03375253
1    2    2    2    4   8     -0.19928576
1    2    2    3    3   8      0.01251577
1    2    2    3    4   8      0.05941553
1    2    2    6    6   8      0.72965711
1    2    3    2    3   8      0.08005115
1    2    3    2    4   8      0.03501094
1    2    3    2    5   8     -0.14498925
1    2    3    3    4   8      0.11743026
1    2    4    2    4   8      0.02513863
1    2    4    2    5   8     -0.09471779
1    2    4    3    3   8     -0.02360437
1    2    4    3    4   8      0.11423910
1    2    5    3    3   8     -0.07820139
1    2    5    3    4   8      0.14123873
1    2    6    2    6   8     -0.10390783
1    2    6    3    6   8     -0.05084018
1    3    3    3    3   8      0.09606138
1    3    3    3    4   8      0.07600461
1    3    4    3    4   8     -0.03049116
1    3    6    3    6   8     -0.17052315
1    6    6    6    6   8     -0.12183829
1    1    2    1    2  10      0.08978302
1    1    2    1    3  10      0.03210764
1    1    2    1    4  10     -0.14386287
1    1    2    2    3  10     -0.12147369
1    1    2    2    4  10     -0.02097315
1    1    3    1    3  10      0.13661948
1    1    3    1    5  10     -0.14386287
1    1    3    2    3  10      0.03306095
1    1    3    2    4  10      0.01284338
1    1    4    1    4  10      0.10188328
1    1    4    1    5  10     -0.09982482
1    1    4    2    3  10     -0.06597125
1    1    4    2    4  10     -0.02079438
1    1    5    2    3  10      0.03078017
1    1    5    2    4  10      0.01273390
1    1    6    1    6  10     -0.02905488
1    1    6    2    6  10      0.01482909
1    1    6    3    6  10     -0.08021873
1    2    3    2    3  10      0.09339300
1    2    4    2    4  10      0.12812920
1    2    6    2    6  10     -0.03199197
1    2    6    3    6  10     -0.05392416
1    2    6    4    6  10     -0.09144462
1    3    6    3    6  10     -0.03410463
1    3    6    4    6  10      0.07711287
1    4    6    4    6  10     -0.11936621
1    1    1    1    1  12      0.09879591
1    1    1    1    2  12     -0.00336820
1    1    1    1    3  12     -0.16043209
1    1    1    2    2  12      0.00472063
1    1    1    2    3  12     -0.01956840
1    1    1    6    6  12     -0.02843642
1    1    2    1    2  12      0.10023259
1    1    2    1    3  12     -0.03868451
1    1    2    1    4  12     -0.13060466
1    1    2    2    2  12     -0.01464538
1    1    2    2    3  12      0.08968427
1    1    2    6    6  12     -0.21716107
1    1    3    1    3  12      0.00621232
1    1    3    1    4  12      0.06032371
1    1    3    2    2  12     -0.00507331
1    1    3    2    3  12     -0.07041976
1    1    4    1    4  12     -0.06112997
1    1    4    2    2  12      0.04505756
1    1    4    2    3  12      0.14255869
1    1    6    1    6  12      0.06779515
1    1    6    2    6  12      0.05608445
1    1    6    3    6  12     -0.10984403
1    2    2    2    2  12      0.06670929
1    2    2    2    3  12     -0.06536149
1    2    2    6    6  12      0.30435771
1    2    3    2    3  12     -0.06670929
1    2    6    2    6  12      0.11302823
1    2    6    3    6  12     -0.03850955
1    2    6    4    6  12     -0.14439372
1    3    6    3    6  12      0.07332496
1    3    6    4    6  12      0.05115089
1    3    6    5    6  12     -0.14153416
1    4    6    4    6  12      0.07161972
1    4    6    5    6  12     -0.15098764
1    6    6    6    6  12      0.00635678
1    1    2    1    2  14      0.05451574
1    1    2    1    3  14     -0.02278335
1    1    3    1    3  14      0.03772179
1    1    6    1    6  14      0.07158431
1    1    6    2    6  14     -0.05301356
1    1    6    3    6  14     -0.12838192
1    2    6    2    6  14     -0.00902302
1    2    6    3    6  14     -0.00923558
1    2    6    4    6  14     -0.16777034
1    3    6    3    6  14      0.12107144
1    3    6    4    6  14     -0.00917827
1    3    6    5    6  14     -0.16380058
1    4    6    4    6  14      0.11339790
1    4    6    5    6  14      0.12173012
1    1    1    1    1  16      0.03704846
1    1    1    1    2  16      0.03780796
1    1    1    6    6  16     -0.03352408
1    1    2    1    2  16     -0.09706040
1    1    2    6    6  16     -0.08086311
1    1    6    1    6  16      0.15575532
1    1    6    2    6  16      0.10584001
1    1    6    3    6  16     -0.12838192
1    2    6    2    6  16      0.38363337
1    2    6    3    6  16      0.02714123
1    2    6    4    6  16     -0.14371649
1    3    6    3    6  16      0.07332496
1    3    6    4    6  16     -0.07223546
1    4    6    4    6  16     -0.07758803
1    6    6    6    6  16      0.11230312
1    1    6    1    6  18      0.06616616
1    1    6    2    6  18     -0.18308894
1    1    6    3    6  18     -0.10023409
1    2    6    2    6  18     -0.49869278
1    2    6    3    6  18      0.05612604
1    3    6    3    6  18     -0.11084005
1    1    6    1    6  20      0.03298570
1    1    6    2    6  20      0.16542812
1    2    6    2    6  20      0.87336275
1    6    6    6    6  20      0.13243292
1    1    6    1    6  22     -0.10688701
1    6    6    6    6  24     -0.01377302
2    2    6    2    6   6     -4.0

efcstrength3
1.0

pnefc
1    1    2    1    2   0     -0.20320676
1    1    2    2    3   0      0.02172013
1    1    2    3    4   0     -0.22099801
1    2    3    2    3   0     -0.19507849
1    2    3    3    4   0      0.05513570
1    2    3    4    5   0     -0.26256225
1    3    4    3    4   0     -0.17069368
1    3    4    4    5   0      0.23224627
1    1    1    1    1   2     -0.18965964
1    1    1    1    2   2     -0.01652383
1    1    1    1    3   2     -0.01431006
1    1    1    2    2   2     -0.01103863
1    1    1    2    3   2     -0.01974650
1    1    1    3    3   2     -0.16624040
1    1    1    5    6   2      0.01267653
1    1    2    1    2   2     -0.16450071
1    1    2    1    3   2      0.03352042
1    1    2    2    2   2      0.02585729
1    1    2    2    3   2      0.01711432
1    1    2    2    4   2     -0.02875626
1    1    2    3    3   2     -0.03115262
1    1    2    3    4   2     -0.19410477
1    1    2    5    6   2     -0.02010053
1    1    3    1    3   2     -0.17417722
1    1    3    2    2   2     -0.00268717
1    1    3    2    3   2      0.02884172
1    1    3    2    4   2     -0.02490365
1    1    3    3    3   2     -0.02697896
1    1    3    3    4   2      0.04980731
1    1    3    3    5   2     -0.19490192
1    2    2    2    2   2     -0.17417722
1    2    2    2    3   2      0.03738932
1    2    2    2    4   2     -0.03228416
1    2    2    3    3   2     -0.03497451
1    2    2    3    4   2      0.06456832
1    2    2    4    4   2     -0.24308541
1    2    2    5    6   2      0.22156222
1    2    3    2    3   2     -0.12819443
1    2    3    2    4   2     -0.05775166
1    2    3    3    3   2     -0.06256430
1    2    3    3    4   2      0.03128215
1    2    3    3    5   2      0.07532971
1    2    3    4    4   2      0.07247407
1    2    3    4    5   2     -0.17936416
1    2    4    2    4   2     -0.13655494
1    2    4    3    3   2     -0.01350543
1    2    4    3    4   2     -0.06827747
1    2    4    3    5   2     -0.07633653
1    2    4    4    4   2     -0.07344272
1    2    4    4    5   2     -0.20772738
1    3    3    3    3   2     -0.13655494
1    3    3    3    4   2     -0.06302536
1    3    3    3    5   2     -0.07046449
1    3    3    4    4   2     -0.06779328
1    3    3    4    5   2     -0.19174835
1    3    4    3    4   2     -0.03413874
1    3    4    3    5   2      0.15267307
1    3    4    4    4   2      0.14688544
1    3    4    4    5   2     -0.10386369
1    3    5    4    4   2     -0.16422292
1    5    1    5    1   2     -0.23340533
1    5    6    5    6   2     -0.27546048
1    1    1    1    1   4     -0.13054495
1    1    1    1    2   4     -0.02442185
1    1    1    1    3   4     -0.04011195
1    1    1    2    1   4      0.03087164
1    1    1    2    2   4     -0.00731355
1    1    1    2    3   4     -0.03031677
1    1    1    3    2   4      0.02025290
1    1    1    3    3   4     -0.13642548
1    1    1    5    6   4      0.00910957
1    1    2    1    2   4     -0.09482982
1    1    2    1    3   4      0.04692859
1    1    2    1    4   4     -0.05569547
1    1    2    2    1   4      0.00263874
1    1    2    2    2   4      0.03620021
1    1    2    2    3   4      0.00886720
1    1    2    2    4   4     -0.04209486
1    1    2    3    2   4     -0.04654313
1    1    2    3    3   4     -0.04560276
1    1    2    3    4   4     -0.14467716
1    1    2    5    6   4     -0.03149148
1    1    3    1    3   4     -0.08128270
1    1    3    1    4   4     -0.06431159
1    1    3    2    1   4      0.00304695
1    1    3    2    2   4     -0.00710607
1    1    3    2    3   4      0.03686027
1    1    3    2    4   4     -0.00891128
1    1    3    2    5   4     -0.04243647
1    1    3    3    2   4      0.00644920
1    1    3    3    3   4     -0.07108767
1    1    3    3    4   4      0.06682352
1    1    3    3    5   4     -0.11694115
1    1    4    1    4   4     -0.12192405
1    1    4    2    2   4      0.00595311
1    1    4    2    3   4      0.01093657
1    1    4    2    4   4      0.03686027
1    1    4    2    5   4      0.03447963
1    1    4    3    2   4     -0.00446483
1    1    4    3    3   4     -0.01458209
1    1    4    3    4   4     -0.08445750
1    1    4    3    5   4     -0.16891500
1    2    1    2    1   4     -0.16256541
1    2    1    2    2   4     -0.02369971
1    2    1    2    3   4     -0.04353915
1    2    1    3    2   4      0.01777478
1    2    1    3    3   4      0.05805220
1    2    1    4    3   4     -0.18285511
1    2    1    5    6   4      0.02325800
1    2    2    2    2   4     -0.08128270
1    2    2    2    3   4      0.04778428
1    2    2    2    4   4     -0.08506651
1    2    2    3    2   4     -0.06967089
1    2    2    3    3   4     -0.01251493
1    2    2    3    4   4      0.08662750
1    2    2    4    3   4     -0.05733821
1    2    2    4    4   4     -0.14585124
1    2    2    5    6   4      0.19284516
1    2    3    2    3   4     -0.01950785
1    2    3    2    4   4     -0.06173913
1    2    3    2    5   4     -0.10106541
1    2    3    3    2   4      0.01535923
1    2    3    3    3   4     -0.06688405
1    2    3    3    4   4     -0.00589425
1    2    3    3    5   4      0.08251956
1    2    3    4    3   4     -0.10533701
1    2    3    4    4   4      0.07939136
1    2    4    2    4   4      0.01950785
1    2    4    2    5   4      0.14598337
1    2    4    3    2   4     -0.01890367
1    2    4    3    3   4     -0.03022645
1    2    4    3    4   4     -0.04469810
1    2    4    3    5   4      0.06704715
1    2    4    4    3   4     -0.03241139
1    2    4    4    4   4     -0.15051279
1    2    5    3    3   4     -0.03368847
1    2    5    3    4   4      0.08362248
1    2    5    4    3   4     -0.03031808
1    2    5    4    4   4      0.16090494
1    3    2    3    2   4     -0.12192405
1    3    2    3    3   4      0.04778428
1    3    2    3    4   4     -0.10106541
1    3    2    4    3   4      0.04300365
1    3    2    4    4   4     -0.19446832
1    3    3    3    3   4      0.01950785
1    3    3    3    4   4     -0.04125978
1    3    3    3    5   4     -0.14440924
1    3    3    4    3   4      0.14044935
1    3    3    4    4   4      0.05954352
1    3    4    3    4   4      0.10241621
1    3    4    3    5   4     -0.06827747
1    3    4    4    3   4      0.07426382
1    3    4    4    4   4     -0.06568917
1    3    5    4    3   4      0.14852764
1    3    5    4    4   4      0.03284458
1    5    1    5    1   4     -0.18552731
1    5    1    5    2   4     -0.02202068
1    5    2    5    2   4     -0.21395488
1    5    6    5    6   4     -0.23539350
1    1    1    1    1   6     -0.05418847
1    1    1    1    2   6     -0.02611722
1    1    1    1    3   6     -0.07175444
1    1    1    2    1   6      0.03723260
1    1    1    2    2   6     -0.00251594
1    1    1    2    3   6     -0.03500680
1    1    1    3    1   6     -0.05671483
1    1    1    3    2   6      0.02614638
1    1    1    3    3   6     -0.09646738
1    1    1    5    6   6      0.00452658
1    1    2    1    2   6     -0.00967651
1    1    2    1    3   6      0.04446986
1    1    2    1    4   6     -0.10664871
1    1    2    2    1   6      0.00504215
1    1    2    2    2   6      0.03430357
1    1    2    2    3   6     -0.00108477
1    1    2    2    4   6     -0.04414946
1    1    2    3    1   6     -0.00522928
1    1    2    3    2   6     -0.08912330
1    1    2    3    3   6     -0.04782858
1    1    2    3    4   6     -0.08110774
1    1    2    5    6   6     -0.03798016
1    1    3    1    3   6      0.02322363
1    1    3    1    4   6     -0.05569547
1    1    3    1    5   6     -0.11254528
1    1    3    2    1   6      0.00903872
1    1    3    2    2   6     -0.01134582
1    1    3    2    3   6      0.02719223
1    1    3    2    4   6      0.00832589
1    1    3    2    5   6     -0.04009869
1    1    3    3    1   6     -0.00750998
1    1    3    3    2   6      0.01861725
1    1    3    3    3   6     -0.11239948
1    1    3    3    4   6      0.05647618
1    1    4    1    4   6      0.04064135
1    1    4    1    5   6      0.14078577
1    1    4    2    2   6      0.01718515
1    1    4    2    3   6      0.01720901
1    1    4    2    4   6      0.01682434
1    1    4    2    5   6     -0.03762036
1    1    4    3    2   6     -0.02232417
1    1    4    3    3   6     -0.03993469
1    1    4    3    4   6     -0.12363312
1    1    5    2    3   6      0.02196296
1    1    5    2    4   6     -0.04371091
1    1    5    3    3   6     -0.04034853
1    1    5    3    4   6      0.14275923
1    1    6    1    6   6     -0.20200435
1    1    6    5    1   6      0.00042711
1    1    6    5    2   6     -0.00035837
1    2    1    2    1   6     -0.05615896
1    2    1    2    2   6     -0.02556535
1    2    1    2    3   6     -0.08337113
1    2    1    3    1   6     -0.07203751
1    2    1    3    2   6      0.00415130
1    2    1    3    3   6      0.06807224
1    2    1    4    2   6      0.03228251
1    2    1    4    3   6     -0.10251075
1    2    1    5    6   6      0.03136108
1    2    2    2    2   6      0.02322363
1    2    2    2    3   6      0.03525099
1    2    2    2    4   6     -0.13450197
1    2    2    3    1   6     -0.00973565
1    2    2    3    2   6     -0.06033676
1    2    2    3    3   6      0.01169281
1    2    2    3    4   6      0.07321360
1    2    2    4    2   6     -0.11730208
1    2    2    4    3   6     -0.05417951
1    2    2    5    6   6      0.15427613
1    2    3    2    3   6      0.08081823
1    2    3    2    4   6     -0.01890367
1    2    3    2    5   6     -0.14794461
1    2    3    3    1   6     -0.02052455
1    2    3    3    2   6      0.02416820
1    2    3    3    3   6     -0.02047898
1    2    3    3    4   6     -0.03472826
1    2    3    4    2   6      0.02967534
1    2    3    4    3   6     -0.15419759
1    2    4    2    4   6      0.10729317
1    2    4    2    5   6     -0.08724175
1    2    4    3    2   6     -0.05176983
1    2    4    3    3   6     -0.02958333
1    2    4    3    4   6      0.04778428
1    2    4    4    2   6     -0.05032346
1    2    4    4    3   6     -0.07747803
1    2    5    3    3   6     -0.08053085
1    2    5    3    4   6     -0.02671222
1    2    5    4    3   6     -0.15159038
1    3    1    3    1   6     -0.11379578
1    3    1    3    2   6     -0.02623077
1    3    1    3    3   6     -0.08798069
1    3    1    4    2   6     -0.02185537
1    3    1    4    3   6     -0.15141842
1    3    2    3    2   6      0.04064135
1    3    2    3    3   6      0.02181044
1    3    2    3    4   6     -0.14794461
1    3    2    4    2   6      0.13544878
1    3    2    4    3   6     -0.04692083
1    3    3    3    3   6      0.10729317
1    3    3    3    4   6      0.04410856
1    3    3    4    2   6     -0.05451708
1    3    3    4    3   6     -0.08393454
1    3    4    3    4   6     -0.03413874
1    3    4    4    2   6      0.16435573
1    3    4    4    3   6     -0.02372271
1    5    1    5    1   6     -0.12012252
1    5    1    5    2   6     -0.02965989
1    5    1    5    3   6     -0.04103522
1    5    2    5    2   6     -0.12931339
1    5    2    5    3   6      0.05086321
1    5    3    5    3   6     -0.18338990
1    5    6    5    6   6     -0.17904931
1    1    1    1    1   8      0.02463112
1    1    1    1    2   8     -0.02047108
1    1    1    1    3   8     -0.10070441
1    1    1    2    1   8      0.03100234
1    1    1    2    2   8      0.00240109
1    1    1    2    3   8     -0.03258955
1    1    1    3    1   8     -0.09787510
1    1    1    3    2   8      0.02529586
1    1    1    3    3   8     -0.05184966
1    1    1    5    6   8     -0.00025721
1    1    2    1    2   8      0.06773559
1    1    2    1    3   8      0.02423382
1    1    2    1    4   8     -0.14308425
1    1    2    2    1   8      0.00675125
1    1    2    2    2   8      0.01869371
1    1    2    2    3   8     -0.00980306
1    1    2    2    4   8     -0.03290706
1    1    2    3    1   8     -0.01251456
1    1    2    3    2   8     -0.11957145
1    1    2    3    3   8     -0.03564932
1    1    2    5    6   8     -0.03890664
1    1    3    1    3   8      0.09753924
1    1    3    1    4   8     -0.00710991
1    1    3    1    5   8     -0.14721986
1    1    3    2    1   8      0.01828170
1    1    3    2    2   8     -0.01254012
1    1    3    2    4   8      0.01839561
1    1    3    3    1   8     -0.02565145
1    1    3    3    2   8      0.03564932
1    1    3    3    3   8     -0.11957145
1    1    4    1    4   8      0.10566751
1    1    4    1    5   8     -0.09617499
1    1    4    2    2   8      0.03290706
1    1    4    2    3   8      0.01307319
1    1    4    2    4   8     -0.02804056
1    1    4    3    2   8     -0.06697251
1    1    4    3    3   8     -0.06655782
1    1    5    2    3   8      0.04331154
1    1    5    2    4   8      0.01658902
1    1    5    3    3   8     -0.13781647
1    1    6    1    6   8     -0.10965950
1    1    6    2    6   8      0.03982092
1    1    6    5    1   8      0.00132548
1    1    6    5    2   8     -0.00157379
1    2    1    2    1   8      0.04433602
1    2    1    2    2   8     -0.01551254
1    2    1    2    3   8     -0.11185411
1    2    1    3    1   8     -0.05529673
1    2    1    3    2   8     -0.00821759
1    2    1    3    3   8      0.05272853
1    2    1    4    1   8     -0.12351229
1    2    1    4    2   8      0.02847050
1    2    1    5    6   8      0.03338642
1    2    2    2    2   8      0.09753924
1    2    2    2    4   8     -0.14308425
1    2    2    3    1   8     -0.01350297
1    2    2    3    2   8     -0.00770241
1    2    2    3    3   8      0.02583466
1    2    2    4    1   8     -0.01800633
1    2    2    4    2   8     -0.15344220
1    2    2    5    6   8      0.11073023
1    2    3    2    3   8      0.09753924
1    2    3    2    4   8      0.05457019
1    2    3    3    1   8     -0.04650219
1    2    3    3    2   8      0.01835989
1    2    3    3    3   8      0.05911771
1    2    3    4    1   8     -0.04721299
1    2    3    4    2   8      0.05852056
1    2    4    2    4   8     -0.04876962
1    2    4    3    2   8     -0.08628305
1    2    4    3    3   8      0.01929348
1    2    4    4    2   8     -0.17188734
1    2    6    2    6   8     -0.17314659
1    2    6    5    1   8      0.00094903
1    2    6    5    2   8     -0.00099535
1    3    1    3    1   8      0.05172536
1    3    1    3    2   8     -0.00935791
1    3    1    3    3   8     -0.11508706
1    3    1    4    1   8      0.13204019
1    3    1    4    2   8      0.02663172
1    3    2    3    2   8      0.10566751
1    3    2    3    3   8     -0.03635073
1    3    2    4    1   8      0.02986011
1    3    2    4    2   8     -0.09252913
1    3    3    3    3   8     -0.04876962
1    3    3    4    1   8      0.13353849
1    3    3    4    2   8      0.02069014
1    5    1    5    1   8     -0.04488564
1    5    1    5    2   8     -0.03103942
1    5    1    5    3   8     -0.07634688
1    5    2    5    2   8     -0.03526729
1    5    2    5    3   8      0.05677924
1    5    2    5    4   8     -0.08908260
1    5    3    5    3   8     -0.04796351
1    5    3    5    4   8     -0.07967790
1    5    4    5    4   8     -0.12837293
1    5    6    5    6   8     -0.11093545
1    1    1    1    1  10      0.08620893
1    1    1    1    2  10     -0.00751083
1    1    1    1    3  10     -0.11537140
1    1    1    2    1  10      0.01303141
1    1    1    2    2  10      0.00614883
1    1    1    2    3  10     -0.02251447
1    1    1    3    1  10     -0.12207170
1    1    1    3    2  10      0.01779631
1    1    1    5    6  10     -0.00433084
1    1    2    1    2  10      0.10644163
1    1    2    1    3  10     -0.01081001
1    1    2    1    4  10     -0.13718131
1    1    2    2    1  10      0.00652823
1    1    2    2    2  10     -0.00833873
1    1    2    2    3  10     -0.01318468
1    1    2    3    1  10     -0.02127066
1    1    2    3    2  10     -0.11463853
1    1    2    5    6  10     -0.03433599
1    1    3    1    3  10      0.08592743
1    1    3    1    4  10      0.05894255
1    1    3    2    1  10      0.02906605
1    1    3    2    2  10     -0.00686721
1    1    3    2    3  10     -0.03399029
1    1    3    3    1  10     -0.06283296
1    1    3    3    2  10      0.04925661
1    1    4    1    4  10     -0.05689789
1    1    4    2    2  10      0.04546764
1    1    4    2    3  10     -0.01198178
1    1    4    3    2  10     -0.15626919
1    1    6    1    6  10     -0.01587177
1    1    6    2    6  10      0.04223646
1    1    6    3    6  10     -0.07759333
1    1    6    5    1  10      0.00283836
1    1    6    5    2  10     -0.00453303
1    2    1    2    1  10      0.10345071
1    2    1    2    2  10      0.00411056
1    2    1    2    3  10     -0.10723956
1    2    1    3    2  10     -0.01412772
1    2    1    4    1  10     -0.15225015
1    2    1    5    6  10      0.03000495
1    2    2    2    2  10      0.08592743
1    2    2    2    3  10     -0.04406374
1    2    2    3    1  10     -0.00888592
1    2    2    3    2  10      0.06385442
1    2    2    4    1  10     -0.03257467
1    2    2    5    6  10      0.06780814
1    2    3    2    3  10     -0.06967089
1    2    3    3    1  10     -0.06868829
1    2    3    3    2  10     -0.01682712
1    2    3    4    1  10     -0.14163896
1    2    6    2    6  10     -0.03462932
1    2    6    3    6  10     -0.08482416
1    2    6    5    1  10      0.00328753
1    2    6    5    2  10     -0.00456127
1    3    1    3    1  10      0.10345071
1    3    1    3    2  10      0.02111429
1    3    1    4    1  10     -0.09751814
1    3    2    3    2  10     -0.05689789
1    3    2    4    1  10     -0.01243966
1    3    6    3    6  10     -0.12120261
1    5    1    5    1  10      0.02992376
1    5    1    5    2  10     -0.02607066
1    5    1    5    3  10     -0.10882433
1    5    2    5    2  10      0.05206124
1    5    2    5    3  10      0.04333541
1    5    2    5    4  10     -0.14557115
1    5    3    5    3  10      0.06690708
1    5    3    5    4  10     -0.05626334
1    5    3    5    5  10     -0.14433031
1    5    4    5    4  10      0.06912389
1    5    4    5    5  10      0.15922702
1    5    6    5    6  10     -0.03706196
1    1    1    1    1  12      0.10591383
1    1    1    1    2  12      0.01051517
1    1    1    1    3  12     -0.10017043
1    1    1    2    1  12     -0.01316371
1    1    1    2    2  12      0.00702458
1    1    1    3    1  12     -0.11082173
1    1    1    5    6  12     -0.00683767
1    1    2    1    2  12      0.06773559
1    1    2    1    3  12     -0.04692859
1    1    2    2    1  12      0.00280983
1    1    2    2    2  12     -0.03620021
1    1    2    3    1  12     -0.02703453
1    1    2    5    6  12     -0.02529836
1    1    3    1    3  12     -0.08128270
1    1    3    2    1  12      0.03568966
1    1    3    2    2  12      0.01045010
1    1    3    3    1  12     -0.12876926
1    1    6    1    6  12      0.06492997
1    1    6    2    6  12      0.03016286
1    1    6    3    6  12     -0.12252214
1    1    6    5    1  12      0.00481255
1    1    6    5    2  12     -0.01023701
1    2    1    2    1  12      0.07684910
1    2    1    2    2  12      0.02523640
1    2    1    3    1  12      0.06635608
1    2    1    5    6  12      0.02233174
1    2    2    2    2  12     -0.08128270
1    2    2    3    1  12      0.01011707
1    2    2    5    6  12      0.03098403
1    2    6    2    6  12      0.07445303
1    2    6    3    6  12     -0.05626598
1    2    6    4    6  12     -0.14978567
1    2    6    5    1  12      0.00801916
1    2    6    5    2  12     -0.01442400
1    3    1    3    1  12     -0.06207043
1    3    6    3    6  12      0.07272157
1    3    6    4    6  12      0.14749873
1    5    1    5    1  12      0.09148121
1    5    1    5    2  12     -0.01493881
1    5    1    5    3  12     -0.13136422
1    5    2    5    2  12      0.11251944
1    5    2    5    3  12      0.01396223
1    5    2    5    4  12     -0.17399081
1    5    3    5    3  12      0.12494697
1    5    3    5    4  12      0.00558076
1    5    3    5    5  12     -0.17139833
1    5    4    5    4  12      0.11990878
1    5    4    5    5  12     -0.12378768
1    5    6    5    6  12      0.03505861
1    1    1    1    1  14      0.05418847
1    1    1    1    2  14      0.02660150
1    1    1    2    1  14     -0.03723260
1    1    1    5    6  14     -0.00716000
1    1    2    1    2  14     -0.09482982
1    1    2    2    1  14     -0.00628298
1    1    2    5    6  14     -0.01377068
1    1    6    1    6  14      0.11543106
1    1    6    2    6  14      0.00723383
1    1    6    3    6  14     -0.14235786
1    1    6    5    1  14      0.00664716
1    1    6    5    2  14     -0.01935183
1    2    1    2    1  14     -0.08867204
1    2    1    5    6  14      0.01223160
1    2    6    2    6  14      0.12293408
1    2    6    3    6  14      0.01009609
1    2    6    4    6  14     -0.17335024
1    2    6    5    1  14      0.01580070
1    2    6    5    2  14     -0.03705593
1    3    6    3    6  14      0.11514248
1    3    6    4    6  14     -0.11891728
1    5    1    5    1  14      0.12439734
1    5    1    5    2  14      0.00118982
1    5    1    5    3  14     -0.13490840
1    5    2    5    2  14      0.12192405
1    5    2    5    3  14     -0.02492756
1    5    2    5    4  14     -0.15263143
1    5    3    5    3  14      0.08262622
1    5    3    5    4  14      0.07403712
1    5    4    5    4  14     -0.07758803
1    5    6    5    6  14      0.09641117
1    1    1    1    1  16     -0.10345071
1    1    1    5    6  16     -0.00511893
1    1    6    1    6  16      0.11543106
1    1    6    2    6  16     -0.02125855
1    1    6    3    6  16     -0.12194749
1    1    6    5    1  16      0.00706746
1    1    6    5    2  16     -0.03108512
1    2    6    2    6  16      0.07445303
1    2    6    3    6  16      0.07945900
1    2    6    5    1  16      0.02603180
1    2    6    5    2  16     -0.08285957
1    3    6    3    6  16     -0.07878170
1    5    1    5    1  16      0.11071791
1    5    1    5    2  16      0.01931870
1    5    1    5    3  16     -0.10771342
1    5    2    5    2  16      0.05206124
1    5    2    5    3  16     -0.05788433
1    5    3    5    3  16     -0.11084005
1    5    6    5    6  16      0.13647815
1    1    6    1    6  18      0.04184376
1    1    6    2    6  18     -0.04396110
1    1    6    5    1  18      0.00386033
1    1    6    5    2  18     -0.03997957
1    2    6    2    6  18     -0.11254528
1    2    6    5    1  18      0.03404623
1    2    6    5    2  18     -0.16748529
1    5    1    5    1  18      0.02992376
1    5    1    5    2  18      0.03235284
1    5    2    5    2  18     -0.12931339
1    5    6    5    6  18      0.14323945
1    1    6    1    6  20     -0.13130283
1    1    6    5    1  20     -0.00642817
1    5    1    5    1  20     -0.14106915
1    5    6    5    6  20      0.10317247
1    5    6    5    6  22      0.00125209
1    5    6    5    6  24     -0.17904931

eg1
2.4000 1.0  3.9102

eg2
2.4000 1.0  3.9102

bej
4

mcal
1

num1
9

num2
6

alpha1
4.33195830385423

alpha2
4.33195830385423

