# 测试输入

nucleus1
0 8 7
2 4 5
2 4 3
4 0 1
0 10 11

nucleus2
0 8 7
2 4 5
2 4 3
4 0 1
0 10 11

energy1
      -0.19648057      0.72440441      2.06598588      2.54436616      2.62741932

energy2
      2.11471908      1.26890716     -0.60777294     -0.39215499     -0.02544360

rorder1
0   4   8    12    6   20
0 99  0  
0  2  1
0  0  2  3 4
0  0  5
1   1   1    1    -1   1

rorder2
0   4   8    12    6   20
0 99  0
0  2  1  
0  0  2  3 4
0  0  5
1   1   1    1    -1   1

ystrget1
 1   1  1  -0.94369175
 2   2  1  -0.26696928
 3   3  1  -0.12553304
 4   4  1  -0.07090136
 5   5  1  -0.13186261
 1   1  2  -0.89210853
 1   2  2   0.11455712
 1   3  2  -0.18849560
 2   1  2  -0.11455712
 2   2  2  -0.22386002
 2   3  2  -0.06612527
 2   4  2  -0.10365741
 3   1  2  -0.18849560
 3   2  2   0.06612527
 3   3  2  -0.07831751
 3   4  2   0.06718046
 4   2  2  -0.10365741
 4   3  2  -0.06718046
 5   5  2  -0.10642525
 1   1  3   0.99690785
 1   2  3   0.03387312
 1   3  3   0.04364015
 1   4  3  -0.00006133
 2   1  3  -0.03387312
 2   2  3  -0.00174501
 2   3  3   0.00583050
 3   1  3   0.04364015
 3   2  3  -0.00583050
 4   1  3   0.00006133
 1   1  4   0.99392093
 1   2  4  -0.07784981
 2   1  4   0.07784981
 2   5  5   0.70710678
 5   2  5   0.70710678
 5   5  6   1.00000000

ystrget2
 1   1  1  -0.18714346
 2   2  1  -0.23632890
 3   3  1  -0.56448745
 4   4  1  -0.35556112
 5   5  1  -0.68121670
 1   1  2  -0.11318315
 1   2  2   0.03928295
 1   3  2  -0.19728884
 2   1  2  -0.03928295
 2   2  2  -0.15281674
 2   3  2  -0.12989974
 2   4  2  -0.22124011
 3   1  2  -0.19728884
 3   2  2   0.12989974
 3   3  2  -0.34746487
 3   4  2   0.31470336
 4   2  2  -0.22124011
 4   3  2  -0.31470336
 5   5  2  -0.65761237
 5   5  3   1.00000000
 5   5  4   1.00000000
 2   5  5   0.70710678
 5   2  5   0.70710678
 5   5  6   1.00000000

efcstrength1
1.0

efc1
1    1    1    1    1   0     -0.82925891
1    1    1    2    2   0     -0.53851795
1    1    1    3    3   0     -0.63262299
1    1    1    4    4   0     -0.30000000
1    1    1    5    5   0     -0.73484692
1    2    2    2    2   0     -0.67008855
1    2    2    3    3   0     -0.43481154
1    2    2    4    4   0     -0.56855180
1    2    2    5    5   0     -0.63639610
1    3    3    3    3   0     -0.49257748
1    3    3    4    4   0     -0.46422060
1    3    3    5    5   0     -0.51961524
1    4    4    4    4   0     -0.15000000
1    4    4    5    5   0     -0.36742346
1    5    5    5    5   0     -1.22916136
1    1    2    1    2   2     -0.19416903
1    1    2    3    4   2     -0.22918312
1    2    3    2    3   2     -0.13755534
1    3    4    3    4   2      0.17825354
1    1    1    1    1   4     -0.42794996
1    1    1    1    2   4      0.06353409
1    1    1    1    3   4     -0.43813770
1    1    1    2    2   4     -0.28006268
1    1    1    2    3   4     -0.24870396
1    1    1    2    4   4     -0.34662178
1    1    1    3    3   4     -0.34441038
1    1    1    3    4   4      0.28301550
1    1    1    5    5   4     -0.47102201
1    1    2    1    2   4     -0.14372449
1    1    2    1    3   4      0.21050028
1    1    2    2    2   4      0.16173139
1    1    2    2    3   4      0.16386845
1    1    2    2    4   4      0.08108847
1    1    2    3    3   4     -0.03689690
1    1    2    3    4   4     -0.24446199
1    1    2    5    5   4      0.17800016
1    1    3    1    3   4     -0.55429444
1    1    3    2    2   4     -0.32766360
1    1    3    2    3   4     -0.19456284
1    1    3    2    4   4     -0.43039263
1    1    3    3    3   4     -0.37057318
1    1    3    3    4   4      0.50420286
1    1    3    5    5   4     -0.53400047
1    1    5    1    5   4     -0.24138500
1    2    2    2    2   4     -0.25310183
1    2    2    2    3   4     -0.05669237
1    2    2    2    4   4     -0.46218595
1    2    2    3    3   4     -0.16929609
1    2    2    3    4   4      0.37737325
1    2    2    5    5   4     -0.39967542
1    2    3    2    3   4     -0.13048107
1    2    3    2    4   4     -0.32681482
1    2    3    3    3   4     -0.19612131
1    2    3    3    4   4      0.26684319
1    2    3    5    5   4     -0.28261320
1    2    4    2    4   4     -0.40998313
1    2    4    3    3   4     -0.35300035
1    2    4    3    4   4      0.48029323
1    2    4    5    5   4     -0.50867781
1    3    3    3    3   4     -0.01925775
1    3    3    3    4   4      0.28822358
1    3    3    5    5   4     -0.30525715
1    3    4    3    4   4     -0.21390424
1    3    4    5    5   4      0.41533370
1    5    5    5    5   4     -0.93990201
1    1    2    1    2   6      0.03607512
1    1    2    1    3   6      0.08427456
1    1    2    1    4   6     -0.13234081
1    1    2    2    3   6     -0.13698575
1    1    2    2    4   6     -0.04715163
1    1    3    1    3   6      0.06689921
1    1    3    1    4   6     -0.15281401
1    1    3    2    3   6      0.06779037
1    1    3    2    4   6      0.04083451
1    1    5    1    5   6     -0.14589203
1    1    5    2    5   6      0.04426550
1    2    3    2    3   6      0.15720611
1    2    4    2    4   6      0.17825354
1    2    5    2    5   6     -0.20690143
1    1    1    1    1   8      0.07641964
1    1    1    1    2   8     -0.02982624
1    1    1    1    3   8     -0.19077900
1    1    1    2    2   8      0.00853146
1    1    1    2    3   8     -0.04387609
1    1    2    1    2   8      0.09913079
1    1    2    1    3   8     -0.02233518
1    1    2    1    4   8     -0.17311428
1    1    2    2    3   8      0.11241761
1    1    3    1    3   8      0.05607234
1    1    3    1    4   8      0.10439184
1    1    3    2    2   8     -0.02259679
1    1    3    2    3   8     -0.11298395
1    1    4    2    2   8      0.07202531
1    1    4    2    3   8      0.14405061
1    1    5    1    5   8     -0.03978874
1    1    5    2    5   8      0.04941414
1    1    5    3    5   8     -0.08398788
1    2    2    2    2   8      0.11004427
1    2    2    2    3   8     -0.09432366
1    2    3    2    3   8     -0.03144122
1    2    5    2    5   8     -0.05411268
1    2    5    3    5   8     -0.09738410
1    3    5    3    5   8     -0.14483100
1    5    5    5    5   8     -0.08845595
1    1    2    1    2  10      0.10292020
1    1    2    1    3  10     -0.02917358
1    1    3    1    3  10      0.08313951
1    1    5    1    5  10      0.05873575
1    1    5    2    5  10      0.03771417
1    1    5    3    5  10     -0.13724580
1    2    5    2    5  10      0.07548492
1    2    5    3    5  10     -0.06876630
1    2    5    4    5  10     -0.16971649
1    3    5    3    5  10      0.07798592
1    3    5    4    5  10      0.17283081
1    1    1    1    1  12      0.07641964
1    1    1    1    2  12      0.05775827
1    1    2    1    2  12     -0.08260899
1    1    5    1    5  12      0.12694501
1    1    5    2    5  12      0.01215112
1    1    5    3    5  12     -0.16404011
1    2    5    2    5  12      0.14096581
1    2    5    3    5  12      0.00682093
1    2    5    4    5  12     -0.20154549
1    3    5    3    5  12      0.13528170
1    3    5    4    5  12     -0.13436366
1    5    5    5    5  12      0.08516762
1    1    5    1    5  14      0.13755534
1    1    5    2    5  14     -0.02169409
1    1    5    3    5  14     -0.14390229
1    2    5    2    5  14      0.09321932
1    2    5    3    5  14      0.09048981
1    3    5    3    5  14     -0.08753522
1    1    5    1    5  16      0.05873575
1    1    5    2    5  16     -0.05037588
1    2    5    2    5  16     -0.12505031
1    5    5    5    5  16      0.16803342
1    1    5    1    5  18     -0.14589203
1    5    5    5    5  20      0.01808579

efcstrength2
1.0

efc2
1    1    1    1    1   0     -1.09254572
1    1    1    2    2   0     -0.65425519
1    1    1    3    3   0     -0.84770013
1    1    1    4    4   0     -0.36000000
1    1    1    5    5   0     -0.88181631
1    2    2    2    2   0     -0.89764389
1    2    2    3    3   0     -0.55041378
1    2    2    4    4   0     -0.81347844
1    2    2    5    5   0     -0.76367532
1    3    3    3    3   0     -0.67293841
1    3    3    4    4   0     -0.66420237
1    3    3    5    5   0     -0.62353829
1    4    4    4    4   0     -0.18000000
1    4    4    5    5   0     -0.44090815
1    5    5    5    5   0     -1.61488721
1    1    2    1    2   2     -0.31552467
1    1    2    3    4   2     -0.37242257
1    2    3    2    3   2     -0.22352743
1    3    4    3    4   2      0.28966200
1    1    1    1    1   4     -0.49481714
1    1    1    1    2   4      0.02743518
1    1    1    1    3   4     -0.48455059
1    1    1    2    2   4     -0.28488581
1    1    1    2    3   4     -0.28378301
1    1    1    2    4   4     -0.34662178
1    1    1    3    3   4     -0.42966222
1    1    1    3    4   4      0.28301550
1    1    1    5    5   4     -0.47102201
1    1    2    1    2   4     -0.20490441
1    1    2    1    3   4      0.25611928
1    1    2    2    2   4      0.19848853
1    1    2    2    3   4      0.22080160
1    1    2    2    4   4      0.04990060
1    1    2    3    3   4     -0.10908648
1    1    2    3    4   4     -0.33040566
1    1    2    5    5   4      0.17800016
1    1    3    1    3   4     -0.64289746
1    1    3    2    2   4     -0.33947840
1    1    3    2    3   4     -0.17971072
1    1    3    2    4   4     -0.45378354
1    1    3    3    3   4     -0.45479435
1    1    3    3    4   4      0.61879442
1    1    3    5    5   4     -0.53400047
1    1    5    1    5   4     -0.39225062
1    2    2    2    2   4     -0.26685737
1    2    2    2    3   4      0.01000454
1    2    2    2    4   4     -0.56722822
1    2    2    3    3   4     -0.16479353
1    2    2    3    4   4      0.46313990
1    2    2    5    5   4     -0.39967542
1    2    3    2    3   4     -0.13981518
1    2    3    2    4   4     -0.40109092
1    2    3    3    3   4     -0.24069434
1    2    3    3    4   4      0.32748936
1    2    3    5    5   4     -0.28261320
1    2    4    2    4   4     -0.43226483
1    2    4    3    3   4     -0.43322771
1    2    4    3    4   4      0.58945078
1    2    4    5    5   4     -0.50867781
1    3    3    3    3   4      0.05295881
1    3    3    3    4   4      0.35372894
1    3    3    5    5   4     -0.30525715
1    3    4    3    4   4     -0.19162255
1    3    4    5    5   4      0.41533370
1    5    5    5    5   4     -1.09531649
1    1    2    1    2   6      0.05862207
1    1    2    1    3   6      0.13694616
1    1    2    1    4   6     -0.21505382
1    1    2    2    3   6     -0.22260185
1    1    2    2    4   6     -0.07662140
1    1    3    1    3   6      0.10871122
1    1    3    1    4   6     -0.24832276
1    1    3    2    3   6      0.11015935
1    1    3    2    4   6      0.06635608
1    1    5    1    5   6     -0.23707455
1    1    5    2    5   6      0.07193144
1    2    3    2    3   6      0.25545992
1    2    4    2    4   6      0.28966200
1    2    5    2    5   6     -0.33621482
1    1    1    1    1   8      0.12418191
1    1    1    1    2   8     -0.04846764
1    1    1    1    3   8     -0.31001588
1    1    1    2    2   8      0.01386362
1    1    1    2    3   8     -0.07129864
1    1    2    1    2   8      0.16108754
1    1    2    1    3   8     -0.03629467
1    1    2    1    4   8     -0.28131071
1    1    2    2    3   8      0.18267861
1    1    3    1    3   8      0.09111756
1    1    3    1    4   8      0.16963674
1    1    3    2    2   8     -0.03671978
1    1    3    2    3   8     -0.18359891
1    1    4    2    2   8      0.11704112
1    1    4    2    3   8      0.23408224
1    1    5    1    5   8     -0.06465670
1    1    5    2    5   8      0.08029797
1    1    5    3    5   8     -0.13648031
1    2    2    2    2   8      0.17882195
1    2    2    2    3   8     -0.15327595
1    2    3    2    3   8     -0.05109198
1    2    5    2    5   8     -0.08793311
1    2    5    3    5   8     -0.15824916
1    3    5    3    5   8     -0.23535037
1    5    5    5    5   8     -0.14374092
1    1    2    1    2  10      0.16724532
1    1    2    1    3  10     -0.04740707
1    1    3    1    3  10      0.13510170
1    1    5    1    5  10      0.09544560
1    1    5    2    5  10      0.06128553
1    1    5    3    5  10     -0.22302442
1    2    5    2    5  10      0.12266299
1    2    5    3    5  10     -0.11174524
1    2    5    4    5  10     -0.27578929
1    3    5    3    5  10      0.12672712
1    3    5    4    5  10      0.28085007
1    1    1    1    1  12      0.12418191
1    1    1    1    2  12      0.09385718
1    1    2    1    2  12     -0.13423962
1    1    5    1    5  12      0.20628565
1    1    5    2    5  12      0.01974557
1    1    5    3    5  12     -0.26656517
1    2    5    2    5  12      0.22906944
1    2    5    3    5  12      0.01108400
1    2    5    4    5  12     -0.32751142
1    3    5    3    5  12      0.21983277
1    3    5    4    5  12     -0.21834095
1    5    5    5    5  12      0.13839739
1    1    5    1    5  14      0.22352743
1    1    5    2    5  14     -0.03525289
1    1    5    3    5  14     -0.23384122
1    2    5    2    5  14      0.15148140
1    2    5    3    5  14      0.14704594
1    3    5    3    5  14     -0.14224473
1    1    5    1    5  16      0.09544560
1    1    5    2    5  16     -0.08186080
1    2    5    2    5  16     -0.20320676
1    5    5    5    5  16      0.27305431
1    1    5    1    5  18     -0.23707455
1    5    5    5    5  20      0.02938941

efcstrength3
1.0

pnefc
1    1    1    1    1   0      0.20060154
1    1    1    2    2   0      0.01653987
1    1    1    3    3   0      0.18231405
1    2    2    2    2   0      0.19257748
1    2    2    3    3   0      0.05896457
1    2    2    4    4   0      0.27015116
1    3    3    3    3   0      0.16850530
1    3    3    4    4   0      0.22057750
1    5    5    5    5   0      0.28801619
1    1    1    1    1   2      0.16239173
1    1    1    1    2   2      0.02552579
1    1    1    2    1   2     -0.02552579
1    1    1    2    2   2      0.01303255
1    1    1    2    3   2      0.02372271
1    1    1    3    2   2     -0.02372271
1    1    1    3    3   2      0.16012827
1    1    2    1    2   2      0.17194418
1    1    2    2    1   2     -0.00204628
1    1    2    2    2   2     -0.02847195
1    1    2    2    3   2     -0.02663307
1    1    2    3    2   2      0.02663307
1    1    2    3    3   2      0.05326615
1    1    2    3    4   2      0.20053523
1    2    1    2    1   2      0.17194418
1    2    1    2    2   2      0.02847195
1    2    1    2    3   2      0.02663307
1    2    1    3    2   2     -0.02663307
1    2    1    3    3   2     -0.05326615
1    2    1    4    3   2      0.20053523
1    2    2    2    2   2      0.12655092
1    2    2    2    3   2     -0.06176220
1    2    2    3    2   2      0.06176220
1    2    2    3    3   2      0.03345452
1    2    2    3    4   2     -0.07750699
1    2    2    4    3   2      0.07750699
1    2    2    4    4   2      0.18454837
1    2    3    2    3   2      0.13480424
1    2    3    3    2   2     -0.01444331
1    2    3    3    3   2      0.06740212
1    2    3    3    4   2     -0.07250115
1    2    3    4    3   2      0.07250115
1    2    3    4    4   2     -0.19729051
1    3    2    3    2   2      0.13480424
1    3    2    3    3   2     -0.06740212
1    3    2    3    4   2      0.07250115
1    3    2    4    3   2     -0.07250115
1    3    2    4    4   2      0.19729051
1    3    3    3    3   2      0.03370106
1    3    3    3    4   2      0.14500229
1    3    3    4    3   2     -0.14500229
1    3    3    4    4   2     -0.09864526
1    3    4    4    3   2     -0.15597184
1    5    5    5    5   2      0.26384700
1    1    1    1    1   4      0.09361405
1    1    1    1    2   4      0.03573610
1    1    1    1    3   4      0.04594642
1    1    1    2    1   4     -0.03573610
1    1    1    2    2   4      0.00675237
1    1    1    2    3   4      0.03472649
1    1    1    3    1   4      0.04594642
1    1    1    3    2   4     -0.03472649
1    1    1    3    3   4      0.11935256
1    1    2    1    2   4      0.08024062
1    1    2    1    3   4     -0.06877767
1    1    2    2    1   4     -0.00541127
1    1    2    2    2   4     -0.03638771
1    1    2    2    3   4     -0.00953011
1    1    2    2    4   4      0.04366302
1    1    2    3    1   4      0.00491107
1    1    2    3    2   4      0.07017629
1    1    2    3    3   4      0.07146404
1    1    2    3    4   4      0.12032114
1    1    3    1    3   4      0.12036093
1    1    3    2    1   4     -0.00491107
1    1    3    2    2   4      0.01169605
1    1    3    2    3   4     -0.03638771
1    1    3    2    4   4      0.03274727
1    1    3    3    1   4      0.00368330
1    1    3    3    2   4     -0.01559473
1    1    3    3    3   4      0.08337471
1    1    3    3    4   4     -0.16042818
1    1    5    1    5   4      0.21121187
1    2    1    2    1   4      0.08024062
1    2    1    2    2   4      0.03638771
1    2    1    2    3   4      0.07017629
1    2    1    3    1   4      0.06877767
1    2    1    3    2   4     -0.00953011
1    2    1    3    3   4     -0.07146404
1    2    1    4    2   4     -0.04366302
1    2    1    4    3   4      0.12032114
1    2    2    2    2   4      0.01925775
1    2    2    2    3   4     -0.06602656
1    2    2    2    4   4      0.10398653
1    2    2    3    1   4      0.01169605
1    2    2    3    2   4      0.06602656
1    2    2    3    3   4     -0.00630358
1    2    2    3    4   4     -0.08490465
1    2    2    4    2   4      0.10398653
1    2    2    4    3   4      0.08490465
1    2    3    2    3   4     -0.01925775
1    2    3    2    4   4      0.13864871
1    2    3    3    1   4      0.01559473
1    2    3    3    2   4     -0.03232551
1    2    3    3    3   4      0.04412504
1    2    3    3    4   4      0.06367849
1    2    3    4    2   4     -0.03466218
1    2    3    4    3   4      0.14858314
1    2    4    3    2   4      0.03466218
1    2    4    3    3   4      0.07942103
1    2    4    4    2   4      0.03119437
1    2    4    4    3   4      0.15282057
1    3    1    3    1   4      0.12036093
1    3    1    3    2   4      0.03638771
1    3    1    3    3   4      0.08337471
1    3    1    4    2   4      0.03274727
1    3    1    4    3   4      0.16042818
1    3    2    3    2   4     -0.01925775
1    3    2    3    3   4     -0.04412504
1    3    2    3    4   4      0.14858314
1    3    2    4    2   4     -0.13864871
1    3    2    4    3   4      0.06367849
1    3    3    3    3   4     -0.10110318
1    3    3    3    4   4     -0.06484700
1    3    3    4    2   4      0.07942103
1    3    3    4    3   4      0.06484700
1    3    4    4    2   4     -0.15282057
1    3    4    4    3   4      0.03119437
1    5    1    5    1   4      0.21121187
1    5    5    5    5   4      0.21758026
1    1    1    1    1   6      0.00955245
1    1    1    1    2   6      0.03386378
1    1    1    1    3   6      0.08798069
1    1    1    2    1   6     -0.03386378
1    1    1    2    2   6     -0.00082606
1    1    1    2    3   6      0.03642145
1    1    1    3    1   6      0.08798069
1    1    1    3    2   6     -0.03642145
1    1    1    3    3   6      0.06691047
1    1    2    1    2   6     -0.02292589
1    1    2    1    3   6     -0.05956321
1    1    2    1    4   6      0.11579821
1    1    2    2    1   6     -0.00863984
1    1    2    2    2   6     -0.02684362
1    1    2    2    3   6      0.00890407
1    1    2    2    4   6      0.04125768
1    1    2    3    1   6      0.01417703
1    1    2    3    2   6      0.11095846
1    1    2    3    3   6      0.06039814
1    1    3    1    3   6     -0.04012031
1    1    3    1    4   6      0.13371226
1    1    3    2    1   6     -0.01417703
1    1    3    2    2   6      0.01840408
1    1    3    2    3   6     -0.01660864
1    1    3    2    4   6     -0.03573020
1    1    3    3    1   6      0.01841650
1    1    3    3    2   6     -0.04270793
1    1    3    3    3   6      0.12204808
1    1    4    2    2   6     -0.02259776
1    1    4    2    3   6     -0.04151474
1    1    4    3    2   6      0.04151474
1    1    4    3    3   6      0.13558656
1    1    5    1    5   6      0.12765553
1    1    5    2    5   6     -0.03873231
1    2    1    2    1   6     -0.02292589
1    2    1    2    2   6      0.02684362
1    2    1    2    3   6      0.11095846
1    2    1    3    1   6      0.05956321
1    2    1    3    2   6      0.00890407
1    2    1    3    3   6     -0.06039814
1    2    1    4    1   6      0.11579821
1    2    1    4    2   6     -0.04125768
1    2    2    2    2   6     -0.07978210
1    2    2    2    3   6     -0.02021642
1    2    2    2    4   6      0.15222070
1    2    2    3    1   6      0.01840408
1    2    2    3    2   6      0.02021642
1    2    2    3    3   6     -0.03713994
1    2    2    4    1   6      0.02259776
1    2    2    4    2   6      0.15222070
1    2    3    2    3   6     -0.10591761
1    2    3    2    4   6     -0.08285845
1    2    3    3    1   6      0.04270793
1    2    3    3    2   6     -0.03163773
1    2    3    3    3   6     -0.04717166
1    2    3    4    1   6      0.04151474
1    2    3    4    2   6     -0.08285845
1    2    4    3    2   6      0.08285845
1    2    4    3    3   6     -0.02537012
1    2    4    4    2   6      0.15597184
1    2    5    2    5   6      0.18103875
1    3    1    3    1   6     -0.04012031
1    3    1    3    2   6      0.01660864
1    3    1    3    3   6      0.12204808
1    3    1    4    1   6     -0.13371226
1    3    1    4    2   6     -0.03573020
1    3    2    3    2   6     -0.10591761
1    3    2    3    3   6      0.04717166
1    3    2    4    1   6     -0.04151474
1    3    2    4    2   6      0.08285845
1    3    3    3    3   6      0.03370106
1    3    3    4    1   6     -0.13558656
1    3    3    4    2   6     -0.02537012
1    5    1    5    1   6      0.12765553
1    5    1    5    2   6      0.03873231
1    5    2    5    2   6      0.18103875
1    5    5    5    5   6      0.15335927
1    1    1    1    1   8     -0.06686718
1    1    1    1    2   8      0.01845404
1    1    1    1    3   8      0.11803849
1    1    1    2    1   8     -0.01845404
1    1    1    2    2   8     -0.00746503
1    1    1    2    3   8      0.02714694
1    1    1    3    1   8      0.11803849
1    1    1    3    2   8     -0.02714694
1    1    2    1    2   8     -0.09628874
1    1    2    1    3   8     -0.00760366
1    1    2    1    4   8      0.15147500
1    1    2    2    1   8     -0.00954930
1    1    2    2    3   8      0.01967308
1    1    2    3    1   8      0.02714694
1    1    2    3    2   8      0.11803849
1    1    3    1    3   8     -0.10431280
1    1    3    1    4   8     -0.09134286
1    1    3    2    1   8     -0.02714694
1    1    3    2    2   8      0.01398105
1    1    3    2    3   8      0.02768107
1    1    3    3    1   8      0.05524950
1    1    3    3    2   8     -0.07117989
1    1    4    2    2   8     -0.04456338
1    1    4    2    3   8      0.01575554
1    1    4    3    2   8      0.14179982
1    1    5    1    5   8      0.03481514
1    1    5    2    5   8     -0.04323737
1    1    5    3    5   8      0.07348940
1    2    1    2    1   8     -0.09628874
1    2    1    2    3   8      0.11803849
1    2    1    3    1   8      0.00760366
1    2    1    3    2   8      0.01967308
1    2    1    4    1   8      0.15147500
1    2    2    2    2   8     -0.09628874
1    2    2    2    3   8      0.05835979
1    2    2    3    1   8      0.01398105
1    2    2    3    2   8     -0.05835979
1    2    2    4    1   8      0.04456338
1    2    3    2    3   8      0.04814437
1    2    3    3    1   8      0.07117989
1    2    3    3    2   8      0.02063330
1    2    3    4    1   8      0.14179982
1    2    5    2    5   8      0.04734860
1    2    5    3    5   8      0.08521109
1    3    1    3    1   8     -0.10431280
1    3    1    3    2   8     -0.02768107
1    3    1    4    1   8      0.09134286
1    3    2    3    2   8      0.04814437
1    3    2    4    1   8      0.01575554
1    3    5    3    5   8      0.12672712
1    5    1    5    1   8      0.03481514
1    5    1    5    2   8      0.04323737
1    5    1    5    3   8      0.07348940
1    5    2    5    2   8      0.04734860
1    5    2    5    3   8     -0.08521109
1    5    3    5    3   8      0.12672712
1    5    5    5    5   8      0.07739896
1    1    1    1    1  10     -0.10507700
1    1    1    1    2  10     -0.00823182
1    1    1    1    3  10      0.11316881
1    1    1    2    1  10      0.00823182
1    1    1    2    2  10     -0.01004013
1    1    1    3    1  10      0.11316881
1    1    2    1    2  10     -0.08482580
1    1    2    1    3  10      0.06303578
1    1    2    2    1  10     -0.00522938
1    1    2    2    2  10      0.03355452
1    1    2    3    1  10      0.03750889
1    1    3    1    3  10      0.05616843
1    1    3    2    1  10     -0.03750889
1    1    3    2    2  10     -0.01281384
1    1    3    3    1  10      0.12891550
1    1    5    1    5  10     -0.05139378
1    1    5    2    5  10     -0.03299990
1    1    5    3    5  10      0.12009007
1    2    1    2    1  10     -0.08482580
1    2    1    2    2  10     -0.03355452
1    2    1    3    1  10     -0.06303578
1    2    2    2    2  10      0.06877767
1    2    2    3    1  10     -0.01281384
1    2    5    2    5  10     -0.06604930
1    2    5    3    5  10      0.06017051
1    2    5    4    5  10      0.14850193
1    3    1    3    1  10      0.05616843
1    3    5    3    5  10     -0.06823768
1    3    5    4    5  10     -0.15122696
1    5    1    5    1  10     -0.05139378
1    5    1    5    2  10      0.03299990
1    5    1    5    3  10      0.12009007
1    5    2    5    2  10     -0.06604930
1    5    2    5    3  10     -0.06017051
1    5    2    5    4  10      0.14850193
1    5    3    5    3  10     -0.06823768
1    5    3    5    4  10      0.15122696
1    5    5    5    5  10     -0.00201410
1    1    1    1    1  12     -0.06686718
1    1    1    1    2  12     -0.03573610
1    1    1    2    1  12      0.03573610
1    1    2    1    2  12      0.08024062
1    1    2    2    1  12      0.00795775
1    1    5    1    5  12     -0.11107689
1    1    5    2    5  12     -0.01063223
1    1    5    3    5  12      0.14353509
1    2    1    2    1  12      0.08024062
1    2    5    2    5  12     -0.12334508
1    2    5    3    5  12     -0.00596831
1    2    5    4    5  12      0.17635230
1    3    5    3    5  12     -0.11837149
1    3    5    4    5  12      0.11756820
1    5    1    5    1  12     -0.11107689
1    5    1    5    2  12      0.01063223
1    5    1    5    3  12      0.14353509
1    5    2    5    2  12     -0.12334508
1    5    2    5    3  12      0.00596831
1    5    2    5    4  12      0.17635230
1    5    3    5    3  12     -0.11837149
1    5    3    5    4  12     -0.11756820
1    5    5    5    5  12     -0.07452167
1    1    1    1    1  14      0.09361405
1    1    5    1    5  14     -0.12036093
1    1    5    2    5  14      0.01898233
1    1    5    3    5  14      0.12591450
1    2    5    2    5  14     -0.08156691
1    2    5    3    5  14     -0.07917858
1    3    5    3    5  14      0.07659332
1    5    1    5    1  14     -0.12036093
1    5    1    5    2  14     -0.01898233
1    5    1    5    3  14      0.12591450
1    5    2    5    2  14     -0.08156691
1    5    2    5    3  14      0.07917858
1    5    3    5    3  14      0.07659332
1    5    5    5    5  14     -0.12769389
1    1    5    1    5  16     -0.05139378
1    1    5    2    5  16      0.04407889
1    2    5    2    5  16      0.10941902
1    5    1    5    1  16     -0.05139378
1    5    1    5    2  16     -0.04407889
1    5    2    5    2  16      0.10941902
1    5    5    5    5  16     -0.14702924
1    1    5    1    5  18      0.12765553
1    5    1    5    1  18      0.12765553
1    5    5    5    5  18     -0.11595457
1    5    5    5    5  20     -0.01582507
1    5    5    5    5  22      0.17407572


eg1
1.500    1.0   3.91

eg2
-0.5000  0.0  -2.68

bej
4   6

mcal
1

num1
6

num2
6

alpha1
4.33195830385423

alpha2
4.33195830385423

