Single particle levels of first like-nucleon system:
Radial number:    0   0   1   1   2 
Orbital number:  10   8   4   4   0 
Spin number:     11   7   5   3   1 
-------------------------------------------------------
No. 1structure coefficient matrix of first like-nucleon system:
  0.00000000  0.00000000  0.00000000  0.00000000  0.00000000 
  0.00000000  0.50000000  0.00000000  0.00000000  0.00000000 
  0.00000000  0.00000000  0.50000000  0.00000000  0.00000000 
  0.00000000  0.00000000  0.00000000  0.50000000  0.00000000 
  0.00000000  0.00000000  0.00000000  0.00000000  0.50000000 
-------------------------------------------------------
   1   1   1  0.50000000
   2   2   1  0.50000000
   3   3   1  0.50000000
   4   4   1  0.50000000
Single particle levels of second like-nucleon system:
Radial number:    0   0   1   1   2   2 
Orbital number:  12  10   6   6   2   2 
Spin number:     13   9   7   5   3   1 
-------------------------------------------------------
No. 1structure coefficient matrix of second like-nucleon system:
  0.02406837  0.00000000  0.00000000  0.00000000  0.00000000  0.00000000 
  0.00000000  0.00000699  0.00000000  0.00000000  0.00000000  0.00000000 
  0.00000000  0.00000000 -0.96094480  0.00000000  0.00000000  0.00000000 
  0.00000000  0.00000000  0.00000000  0.00218710  0.00000000  0.00000000 
  0.00000000  0.00000000  0.00000000  0.00000000 -0.23104915  0.00000000 
  0.00000000  0.00000000  0.00000000  0.00000000  0.00000000 -0.15039055 
-------------------------------------------------------
No. 2structure coefficient matrix of second like-nucleon system:
  0.00000000  0.00000000  0.00000000  0.00000000  0.00000000  0.00000000 
  0.00000000 -0.09207283  0.04392842 -0.09161067  0.00000000  0.00000000 
  0.00000000 -0.04392842 -0.82016341 -0.05114511 -0.33321755  0.00000000 
  0.00000000 -0.09161067  0.05114511 -0.07357024  0.06022582 -0.10085876 
  0.00000000  0.00000000 -0.33321755 -0.06022582 -0.12518729 -0.10542037 
  0.00000000  0.00000000  0.00000000 -0.10085876  0.10542037  0.00000000 
-------------------------------------------------------
No. 3structure coefficient matrix of second like-nucleon system:
  0.00000000  0.00000000  0.00000000  0.00000000  0.00000000  0.00000000 
  0.00000000 -0.00602714  0.05294700 -0.01338375  0.03322848 -0.04373607 
  0.00000000 -0.05294700 -0.93241637 -0.05846743 -0.20881364 -0.10150475 
  0.00000000 -0.01338375  0.05846743 -0.02399165  0.04086092  0.00000000 
  0.00000000 -0.03322848 -0.20881364 -0.04086092  0.00000000  0.00000000 
  0.00000000 -0.04373607  0.10150475  0.00000000  0.00000000  0.00000000 
-------------------------------------------------------
No. 4structure coefficient matrix of second like-nucleon system:
  0.00000000  0.00000000  0.00000000  0.00000000  0.00000000  0.00000000 
  0.00000000  0.00618847 -0.00568315  0.00785818 -0.01232038  0.00000000 
  0.00000000  0.00568315  0.99962709  0.01038514  0.00000000  0.00000000 
  0.00000000  0.00785818 -0.01038514  0.00000000  0.00000000  0.00000000 
  0.00000000  0.01232038  0.00000000  0.00000000  0.00000000  0.00000000 
  0.00000000  0.00000000  0.00000000  0.00000000  0.00000000  0.00000000 
-------------------------------------------------------
No. 5structure coefficient matrix of second like-nucleon system:
  0.00000000  0.00000000  0.70710678  0.00000000  0.00000000  0.00000000 
  0.00000000  0.00000000  0.00000000  0.00000000  0.00000000  0.00000000 
  0.70710678  0.00000000  0.00000000  0.00000000  0.00000000  0.00000000 
  0.00000000  0.00000000  0.00000000  0.00000000  0.00000000  0.00000000 
  0.00000000  0.00000000  0.00000000  0.00000000  0.00000000  0.00000000 
  0.00000000  0.00000000  0.00000000  0.00000000  0.00000000  0.00000000 
-------------------------------------------------------
   6   6   1  0.02406837
   1   1   1  0.00000699
   2   2   1 -0.96094480
   3   3   1  0.00218710
   4   4   1 -0.23104915
   5   5   1 -0.15039055
   1   1   2 -0.09207283
   1   2   2  0.04392842
   1   3   2 -0.09161067
   2   1   2 -0.04392842
   2   2   2 -0.82016341
   2   3   2 -0.05114511
   2   4   2 -0.33321755
   3   1   2 -0.09161067
   3   2   2  0.05114511
   3   3   2 -0.07357024
   3   4   2  0.06022582
   3   5   2 -0.10085876
   4   2   2 -0.33321755
   4   3   2 -0.06022582
   4   4   2 -0.12518729
   4   5   2 -0.10542037
   5   3   2 -0.10085876
   5   4   2  0.10542037
   1   1   3 -0.00602714
   1   2   3  0.05294700
   1   3   3 -0.01338375
   1   4   3  0.03322848
   1   5   3 -0.04373607
   2   1   3 -0.05294700
   2   2   3 -0.93241637
   2   3   3 -0.05846743
   2   4   3 -0.20881364
   2   5   3 -0.10150475
   3   1   3 -0.01338375
   3   2   3  0.05846743
   3   3   3 -0.02399165
   3   4   3  0.04086092
   4   1   3 -0.03322848
   4   2   3 -0.20881364
   4   3   3 -0.04086092
   5   1   3 -0.04373607
   5   2   3  0.10150475
   1   1   4  0.00618847
   1   2   4 -0.00568315
   1   3   4  0.00785818
   1   4   4 -0.01232038
   2   1   4  0.00568315
   2   2   4  0.99962709
   2   3   4  0.01038514
   3   1   4  0.00785818
   3   2   4 -0.01038514
   4   1   4  0.01232038
   6   2   5  0.70710678
   2   6   5  0.70710678
Total dimension of the NPA space:        23
Dimension of the space with 2J=   0+:         2
Dimension of the space with 2J=   2-:         1
Dimension of the space with 2J=   4+:         3
Dimension of the space with 2J=   4-:         1
Dimension of the space with 2J=   6+:         1
Dimension of the space with 2J=   6-:         2
Dimension of the space with 2J=   8+:         4
Dimension of the space with 2J=   8-:         1
Dimension of the space with 2J=  10+:         2
Dimension of the space with 2J=  10-:         1
Dimension of the space with 2J=  12+:         3
Dimension of the space with 2J=  14+:         1
Dimension of the space with 2J=  16+:         1
-------------------------------------------------------
Excitation Energy
No.    1:   0.000000E+00    0+
No.    2:   0.565155E+00    4+
No.    3:   0.802862E+00    8+
No.    4:   0.965908E+00    4+
No.    5:   0.117697E+01   12+
No.    6:   0.120317E+01    8+
No.    7:   0.132524E+01   10+
No.    8:   0.149308E+01    8+
No.    9:   0.176072E+01    6+
No.   10:   0.178030E+01   10+
No.   11:   0.183360E+01    4+
No.   12:   0.199173E+01   16+
No.   13:   0.206209E+01   12+
No.   14:   0.212568E+01    0+
No.   15:   0.220471E+01   14+
No.   16:   0.262678E+01    8+
No.   17:   0.332760E+01    6-
No.   18:   0.344513E+01   12+
No.   19:   0.349686E+01   10-
No.   20:   0.378277E+01    8-
No.   21:   0.383579E+01    2-
No.   22:   0.393994E+01    6-
No.   23:   0.410730E+01    4-
-------------------------------------------------------
bas1 (with width of 3*(pnum+1)+1):
No.    1:   0  0  0  1 
-------------------------------------------------------
bas2 (with width of 3*(pnum+1)+1):
No.    1:   0  1  1  0  0  0  0  0  0  1 
No.    2:   0  2  2  0  4  4  0  4  0  1 
No.    3:   0  2  5  0  4  6  0  4  2 -1 
No.    4:   0  1  2  0  0  4  0  0  4  1 
No.    5:   0  2  2  0  4  4  0  4  4  1 
No.    6:   0  2  3  0  4  8  0  4  4  1 
No.    7:   0  2  5  0  4  6  0  4  4 -1 
No.    8:   0  2  3  0  4  8  0  4  6  1 
No.    9:   0  1  5  0  0  6  0  0  6 -1 
No.   10:   0  2  5  0  4  6  0  4  6 -1 
No.   11:   0  1  3  0  0  8  0  0  8  1 
No.   12:   0  2  2  0  4  4  0  4  8  1 
No.   13:   0  2  3  0  4  8  0  4  8  1 
No.   14:   0  2  4  0  4 12  0  4  8  1 
No.   15:   0  2  5  0  4  6  0  4  8 -1 
No.   16:   0  2  3  0  4  8  0  4 10  1 
No.   17:   0  2  4  0  4 12  0  4 10  1 
No.   18:   0  2  5  0  4  6  0  4 10 -1 
No.   19:   0  1  4  0  0 12  0  0 12  1 
No.   20:   0  2  3  0  4  8  0  4 12  1 
No.   21:   0  2  4  0  4 12  0  4 12  1 
No.   22:   0  2  4  0  4 12  0  4 14  1 
No.   23:   0  2  4  0  4 12  0  4 16  1 
-------------------------------------------------------
Eigenvalues and eigenstates
No.    1, Eigval=  -0.150912E+01;
Overlaps with respect to orthonormalized basis:
   1   0   1   2   0   1   0   1  0.999755
   1   0   1   1   0   1   0   1 -0.022129
Overlaps with respect to nucleon-pair basis:
   1   0   1   1   0   1   0   1  0.931625
   1   0   1   2   0   1   0   1 -0.844553
No.    2, Eigval=  -0.943966E+00;
Overlaps with respect to orthonormalized basis:
   1   0   1   6   4   1   4   1 -0.927381
   1   0   1   7   4   1   4   1  0.344321
   1   0   1   4   4   1   4   1 -0.146315
Overlaps with respect to nucleon-pair basis:
   1   0   1   5   4   1   4   1 -0.700861
   1   0   1   4   4   1   4   1  0.632902
   1   0   1   6   4   1   4   1 -0.499421
No.    3, Eigval=  -0.706259E+00;
Overlaps with respect to orthonormalized basis:
   1   0   1  14   8   1   8   1 -0.989735
   1   0   1  12   8   1   8   1 -0.109644
   1   0   1  11   8   1   8   1  0.090926
   1   0   1  15   8   1   8   1 -0.011599
Overlaps with respect to nucleon-pair basis:
   1   0   1  11   8   1   8   1 -0.829724
   1   0   1  12   8   1   8   1  0.629597
   1   0   1  14   8   1   8   1 -0.545910
   1   0   1  13   8   1   8   1 -0.299088
No.    4, Eigval=  -0.543213E+00;
Overlaps with respect to orthonormalized basis:
   1   0   1   7   4   1   4   1  0.937193
   1   0   1   6   4   1   4   1  0.330250
   1   0   1   4   4   1   4   1  0.112271
Overlaps with respect to nucleon-pair basis:
   1   0   1   6   4   1   4   1  0.723302
   1   0   1   5   4   1   4   1 -0.712024
   1   0   1   4   4   1   4   1 -0.681668
No.    5, Eigval=  -0.332151E+00;
Overlaps with respect to orthonormalized basis:
   1   0   1  21  12   1  12   1 -0.996249
   1   0   1  20  12   1  12   1  0.082415
   1   0   1  19  12   1  12   1  0.026382
Overlaps with respect to nucleon-pair basis:
   1   0   1  21  12   1  12   1 -0.927271
   1   0   1  19  12   1  12   1  0.900081
   1   0   1  20  12   1  12   1  0.396322
No.    6, Eigval=  -0.305953E+00;
Overlaps with respect to orthonormalized basis:
   1   0   1  15   8   1   8   1  0.997924
   1   0   1  11   8   1   8   1  0.055097
   1   0   1  12   8   1   8   1  0.031762
   1   0   1  14   8   1   8   1 -0.010152
Overlaps with respect to nucleon-pair basis:
   1   0   1  14   8   1   8   1  0.806231
   1   0   1  12   8   1   8   1  0.720473
   1   0   1  13   8   1   8   1  0.624666
   1   0   1  11   8   1   8   1 -0.023491
No.    7, Eigval=  -0.183877E+00;
Overlaps with respect to orthonormalized basis:
   1   0   1  18  10   1  10   1 -0.950054
   1   0   1  16  10   1  10   1 -0.312087
Overlaps with respect to nucleon-pair basis:
   1   0   1  17  10   1  10   1 -0.977109
   1   0   1  16  10   1  10   1  0.648270
No.    8, Eigval=  -0.160390E-01;
Overlaps with respect to orthonormalized basis:
   1   0   1  12   8   1   8   1 -0.977989
   1   0   1  11   8   1   8   1 -0.182954
   1   0   1  14   8   1   8   1  0.091040
   1   0   1  15   8   1   8   1  0.042155
Overlaps with respect to nucleon-pair basis:
   1   0   1  13   8   1   8   1  0.721004
   1   0   1  11   8   1   8   1 -0.440320
   1   0   1  12   8   1   8   1 -0.194407
   1   0   1  14   8   1   8   1 -0.164539
No.    9, Eigval=   0.251598E+00;
Overlaps with respect to orthonormalized basis:
   1   0   1   8   6   1   6   1  1.000000
Overlaps with respect to nucleon-pair basis:
   1   0   1   8   6   1   6   1  1.000000
No.   10, Eigval=   0.271175E+00;
Overlaps with respect to orthonormalized basis:
   1   0   1  16  10   1  10   1 -0.950054
   1   0   1  18  10   1  10   1  0.312087
Overlaps with respect to nucleon-pair basis:
   1   0   1  16  10   1  10   1 -0.761410
   1   0   1  17  10   1  10   1 -0.212740
No.   11, Eigval=   0.324476E+00;
Overlaps with respect to orthonormalized basis:
   1   0   1   4   4   1   4   1  0.982846
   1   0   1   6   4   1   4   1 -0.175783
   1   0   1   7   4   1   4   1 -0.055798
Overlaps with respect to nucleon-pair basis:
   1   0   1   6   4   1   4   1 -0.476878
   1   0   1   4   4   1   4   1 -0.367102
   1   0   1   5   4   1   4   1 -0.042607
No.   12, Eigval=   0.482606E+00;
Overlaps with respect to orthonormalized basis:
   1   0   1  23  16   1  16   1  1.000000
Overlaps with respect to nucleon-pair basis:
   1   0   1  23  16   1  16   1  1.000000
No.   13, Eigval=   0.552970E+00;
Overlaps with respect to orthonormalized basis:
   1   0   1  20  12   1  12   1 -0.994818
   1   0   1  21  12   1  12   1 -0.080657
   1   0   1  19  12   1  12   1  0.061907
Overlaps with respect to nucleon-pair basis:
   1   0   1  20  12   1  12   1  0.856874
   1   0   1  19  12   1  12   1  0.368145
   1   0   1  21  12   1  12   1  0.349373
No.   14, Eigval=   0.616557E+00;
Overlaps with respect to orthonormalized basis:
   1   0   1   1   0   1   0   1 -0.999755
   1   0   1   2   0   1   0   1 -0.022129
Overlaps with respect to nucleon-pair basis:
   1   0   1   2   0   1   0   1 -0.535472
   1   0   1   1   0   1   0   1 -0.363420
No.   15, Eigval=   0.695585E+00;
Overlaps with respect to orthonormalized basis:
   1   0   1  22  14   1  14   1  1.000000
Overlaps with respect to nucleon-pair basis:
   1   0   1  22  14   1  14   1  1.000000
No.   16, Eigval=   0.111766E+01;
Overlaps with respect to orthonormalized basis:
   1   0   1  11   8   1   8   1  0.977356
   1   0   1  12   8   1   8   1 -0.174662
   1   0   1  14   8   1   8   1  0.109692
   1   0   1  15   8   1   8   1 -0.047286
Overlaps with respect to nucleon-pair basis:
   1   0   1  11   8   1   8   1 -0.342235
   1   0   1  12   8   1   8   1 -0.216177
   1   0   1  14   8   1   8   1  0.157800
   1   0   1  13   8   1   8   1 -0.022185
No.   17, Eigval=   0.181848E+01;
Overlaps with respect to orthonormalized basis:
   1   0   1  10   6  -1   6  -1 -0.907607
   1   0   1   9   6  -1   6  -1 -0.419822
Overlaps with respect to nucleon-pair basis:
   1   0   1   9   6  -1   6  -1 -0.997266
   1   0   1  10   6  -1   6  -1  0.344447
No.   18, Eigval=   0.193601E+01;
Overlaps with respect to orthonormalized basis:
   1   0   1  19  12   1  12   1  0.997733
   1   0   1  20  12   1  12   1  0.059547
   1   0   1  21  12   1  12   1  0.031348
Overlaps with respect to nucleon-pair basis:
   1   0   1  20  12   1  12   1 -0.329692
   1   0   1  19  12   1  12   1  0.233075
   1   0   1  21  12   1  12   1  0.134561
No.   19, Eigval=   0.198774E+01;
Overlaps with respect to orthonormalized basis:
   1   0   1  17  10  -1  10  -1  1.000000
Overlaps with respect to nucleon-pair basis:
   1   0   1  18  10  -1  10  -1  1.000000
No.   20, Eigval=   0.227365E+01;
Overlaps with respect to orthonormalized basis:
   1   0   1  13   8  -1   8  -1  1.000000
Overlaps with respect to nucleon-pair basis:
   1   0   1  15   8  -1   8  -1  1.000000
No.   21, Eigval=   0.232667E+01;
Overlaps with respect to orthonormalized basis:
   1   0   1   3   2  -1   2  -1  1.000000
Overlaps with respect to nucleon-pair basis:
   1   0   1   3   2  -1   2  -1  1.000000
No.   22, Eigval=   0.243082E+01;
Overlaps with respect to orthonormalized basis:
   1   0   1   9   6  -1   6  -1 -0.907607
   1   0   1  10   6  -1   6  -1  0.419822
Overlaps with respect to nucleon-pair basis:
   1   0   1  10   6  -1   6  -1 -0.938806
   1   0   1   9   6  -1   6  -1 -0.073894
No.   23, Eigval=   0.259818E+01;
Overlaps with respect to orthonormalized basis:
   1   0   1   5   4  -1   4  -1  1.000000
Overlaps with respect to nucleon-pair basis:
   1   0   1   7   4  -1   4  -1  1.000000
-------------------------------------------------------
E( 2) in eb:
    1th state:    0.000E+00
    2th state:    0.000E+00
    3th state:    0.000E+00
    4th state:    0.000E+00
    5th state:    0.000E+00
    6th state:    0.000E+00
    7th state:    0.000E+00
    8th state:    0.000E+00
    9th state:    0.000E+00
   10th state:    0.000E+00
   11th state:    0.000E+00
   12th state:    0.000E+00
   13th state:    0.000E+00
   14th state:    0.000E+00
   15th state:    0.000E+00
   16th state:    0.000E+00
   17th state:    0.000E+00
   18th state:    0.000E+00
   19th state:    0.000E+00
   20th state:    0.000E+00
   21th state:    0.000E+00
   22th state:    0.000E+00
   23th state:    0.000E+00
-------------------------------------------------------
E( 4) in eb:
    2th state:    0.184E+00
    3th state:   -0.304E+00
    4th state:   -0.158E+00
    5th state:    0.167E+00
    6th state:   -0.247E+00
    7th state:    0.132E+00
    8th state:    0.171E+00
    9th state:    0.393E-01
   10th state:   -0.126E+00
   11th state:    0.102E-01
   12th state:   -0.264E+00
   13th state:   -0.433E+00
   15th state:   -0.684E-01
   16th state:   -0.262E+00
   17th state:   -0.204E+00
   18th state:   -0.358E+00
   19th state:   -0.445E+00
   20th state:   -0.224E+00
   21th state:   -0.741E-01
   22th state:   -0.159E-01
   23th state:    0.671E-01
-------------------------------------------------------
E( 6) in eb:
    1th state:    0.000E+00
    2th state:    0.000E+00
    3th state:    0.000E+00
    4th state:    0.000E+00
    5th state:    0.000E+00
    6th state:    0.000E+00
    7th state:    0.000E+00
    8th state:    0.000E+00
    9th state:    0.000E+00
   10th state:    0.000E+00
   11th state:    0.000E+00
   12th state:    0.000E+00
   13th state:    0.000E+00
   14th state:    0.000E+00
   15th state:    0.000E+00
   16th state:    0.000E+00
   17th state:    0.000E+00
   18th state:    0.000E+00
   19th state:    0.000E+00
   20th state:    0.000E+00
   21th state:    0.000E+00
   22th state:    0.000E+00
   23th state:    0.000E+00
-------------------------------------------------------
M1 in muN:
    2th state:   -0.364E+00
    3th state:   -0.114E+01
    4th state:   -0.484E+00
    5th state:   -0.221E+01
    6th state:   -0.133E+01
    7th state:   -0.189E+01
    8th state:   -0.111E+01
    9th state:   -0.811E+00
   10th state:   -0.140E+01
   11th state:   -0.548E+00
   12th state:   -0.267E+01
   13th state:   -0.169E+01
   15th state:   -0.223E+01
   16th state:   -0.114E+01
   17th state:   -0.153E+00
   18th state:   -0.171E+01
   19th state:   -0.499E+00
   20th state:   -0.333E+00
   21th state:    0.104E+00
   22th state:   -0.268E+00
   23th state:   -0.114E+00
-------------------------------------------------------
g factor:
    2th state:    -Infinity
    3th state:   -0.570E+00
    4th state:   -0.121E+00
    5th state:   -0.552E+00
    6th state:   -0.332E+00
    7th state:   -0.472E+00
    8th state:   -0.184E+00
    9th state:   -0.135E+00
   10th state:   -0.234E+00
   11th state:   -0.685E-01
   12th state:   -0.334E+00
   13th state:   -0.211E+00
   15th state:   -0.279E+00
   16th state:   -0.114E+00
   17th state:   -0.153E-01
   18th state:   -0.171E+00
   19th state:   -0.416E-01
   20th state:   -0.277E-01
   21th state:    0.867E-02
   22th state:   -0.191E-01
   23th state:   -0.715E-02
-------------------------------------------------------
BE( 2) in e^2b^2:
             No.     1    No.     2    No.     3    No.     4    No.     5    No.     6    No.     7    No.     8    No.     9    No.    10    No.    11    No.    12    No.    13    No.    14    No.    15    No.    16    No.    17    No.    18    No.    19    No.    20    No.    21    No.    22    No.    23   
  No.     1    0.000E+00    0.000E+00    0.000E+00    0.000E+00    0.000E+00    0.000E+00    0.000E+00    0.000E+00    0.000E+00    0.000E+00    0.000E+00    0.000E+00    0.000E+00    0.000E+00    0.000E+00    0.000E+00    0.000E+00    0.000E+00    0.000E+00    0.000E+00    0.000E+00    0.000E+00    0.000E+00 
  No.     2    0.000E+00    0.000E+00    0.000E+00    0.000E+00    0.000E+00    0.000E+00    0.000E+00    0.000E+00    0.000E+00    0.000E+00    0.000E+00    0.000E+00    0.000E+00    0.000E+00    0.000E+00    0.000E+00    0.000E+00    0.000E+00    0.000E+00    0.000E+00    0.000E+00    0.000E+00    0.000E+00 
  No.     3    0.000E+00    0.000E+00    0.000E+00    0.000E+00    0.000E+00    0.000E+00    0.000E+00    0.000E+00    0.000E+00    0.000E+00    0.000E+00    0.000E+00    0.000E+00    0.000E+00    0.000E+00    0.000E+00    0.000E+00    0.000E+00    0.000E+00    0.000E+00    0.000E+00    0.000E+00    0.000E+00 
  No.     4    0.000E+00    0.000E+00    0.000E+00    0.000E+00    0.000E+00    0.000E+00    0.000E+00    0.000E+00    0.000E+00    0.000E+00    0.000E+00    0.000E+00    0.000E+00    0.000E+00    0.000E+00    0.000E+00    0.000E+00    0.000E+00    0.000E+00    0.000E+00    0.000E+00    0.000E+00    0.000E+00 
  No.     5    0.000E+00    0.000E+00    0.000E+00    0.000E+00    0.000E+00    0.000E+00    0.000E+00    0.000E+00    0.000E+00    0.000E+00    0.000E+00    0.000E+00    0.000E+00    0.000E+00    0.000E+00    0.000E+00    0.000E+00    0.000E+00    0.000E+00    0.000E+00    0.000E+00    0.000E+00    0.000E+00 
  No.     6    0.000E+00    0.000E+00    0.000E+00    0.000E+00    0.000E+00    0.000E+00    0.000E+00    0.000E+00    0.000E+00    0.000E+00    0.000E+00    0.000E+00    0.000E+00    0.000E+00    0.000E+00    0.000E+00    0.000E+00    0.000E+00    0.000E+00    0.000E+00    0.000E+00    0.000E+00    0.000E+00 
  No.     7    0.000E+00    0.000E+00    0.000E+00    0.000E+00    0.000E+00    0.000E+00    0.000E+00    0.000E+00    0.000E+00    0.000E+00    0.000E+00    0.000E+00    0.000E+00    0.000E+00    0.000E+00    0.000E+00    0.000E+00    0.000E+00    0.000E+00    0.000E+00    0.000E+00    0.000E+00    0.000E+00 
  No.     8    0.000E+00    0.000E+00    0.000E+00    0.000E+00    0.000E+00    0.000E+00    0.000E+00    0.000E+00    0.000E+00    0.000E+00    0.000E+00    0.000E+00    0.000E+00    0.000E+00    0.000E+00    0.000E+00    0.000E+00    0.000E+00    0.000E+00    0.000E+00    0.000E+00    0.000E+00    0.000E+00 
  No.     9    0.000E+00    0.000E+00    0.000E+00    0.000E+00    0.000E+00    0.000E+00    0.000E+00    0.000E+00    0.000E+00    0.000E+00    0.000E+00    0.000E+00    0.000E+00    0.000E+00    0.000E+00    0.000E+00    0.000E+00    0.000E+00    0.000E+00    0.000E+00    0.000E+00    0.000E+00    0.000E+00 
  No.    10    0.000E+00    0.000E+00    0.000E+00    0.000E+00    0.000E+00    0.000E+00    0.000E+00    0.000E+00    0.000E+00    0.000E+00    0.000E+00    0.000E+00    0.000E+00    0.000E+00    0.000E+00    0.000E+00    0.000E+00    0.000E+00    0.000E+00    0.000E+00    0.000E+00    0.000E+00    0.000E+00 
  No.    11    0.000E+00    0.000E+00    0.000E+00    0.000E+00    0.000E+00    0.000E+00    0.000E+00    0.000E+00    0.000E+00    0.000E+00    0.000E+00    0.000E+00    0.000E+00    0.000E+00    0.000E+00    0.000E+00    0.000E+00    0.000E+00    0.000E+00    0.000E+00    0.000E+00    0.000E+00    0.000E+00 
  No.    12    0.000E+00    0.000E+00    0.000E+00    0.000E+00    0.000E+00    0.000E+00    0.000E+00    0.000E+00    0.000E+00    0.000E+00    0.000E+00    0.000E+00    0.000E+00    0.000E+00    0.000E+00    0.000E+00    0.000E+00    0.000E+00    0.000E+00    0.000E+00    0.000E+00    0.000E+00    0.000E+00 
  No.    13    0.000E+00    0.000E+00    0.000E+00    0.000E+00    0.000E+00    0.000E+00    0.000E+00    0.000E+00    0.000E+00    0.000E+00    0.000E+00    0.000E+00    0.000E+00    0.000E+00    0.000E+00    0.000E+00    0.000E+00    0.000E+00    0.000E+00    0.000E+00    0.000E+00    0.000E+00    0.000E+00 
  No.    14    0.000E+00    0.000E+00    0.000E+00    0.000E+00    0.000E+00    0.000E+00    0.000E+00    0.000E+00    0.000E+00    0.000E+00    0.000E+00    0.000E+00    0.000E+00    0.000E+00    0.000E+00    0.000E+00    0.000E+00    0.000E+00    0.000E+00    0.000E+00    0.000E+00    0.000E+00    0.000E+00 
  No.    15    0.000E+00    0.000E+00    0.000E+00    0.000E+00    0.000E+00    0.000E+00    0.000E+00    0.000E+00    0.000E+00    0.000E+00    0.000E+00    0.000E+00    0.000E+00    0.000E+00    0.000E+00    0.000E+00    0.000E+00    0.000E+00    0.000E+00    0.000E+00    0.000E+00    0.000E+00    0.000E+00 
  No.    16    0.000E+00    0.000E+00    0.000E+00    0.000E+00    0.000E+00    0.000E+00    0.000E+00    0.000E+00    0.000E+00    0.000E+00    0.000E+00    0.000E+00    0.000E+00    0.000E+00    0.000E+00    0.000E+00    0.000E+00    0.000E+00    0.000E+00    0.000E+00    0.000E+00    0.000E+00    0.000E+00 
  No.    17    0.000E+00    0.000E+00    0.000E+00    0.000E+00    0.000E+00    0.000E+00    0.000E+00    0.000E+00    0.000E+00    0.000E+00    0.000E+00    0.000E+00    0.000E+00    0.000E+00    0.000E+00    0.000E+00    0.000E+00    0.000E+00    0.000E+00    0.000E+00    0.000E+00    0.000E+00    0.000E+00 
  No.    18    0.000E+00    0.000E+00    0.000E+00    0.000E+00    0.000E+00    0.000E+00    0.000E+00    0.000E+00    0.000E+00    0.000E+00    0.000E+00    0.000E+00    0.000E+00    0.000E+00    0.000E+00    0.000E+00    0.000E+00    0.000E+00    0.000E+00    0.000E+00    0.000E+00    0.000E+00    0.000E+00 
  No.    19    0.000E+00    0.000E+00    0.000E+00    0.000E+00    0.000E+00    0.000E+00    0.000E+00    0.000E+00    0.000E+00    0.000E+00    0.000E+00    0.000E+00    0.000E+00    0.000E+00    0.000E+00    0.000E+00    0.000E+00    0.000E+00    0.000E+00    0.000E+00    0.000E+00    0.000E+00    0.000E+00 
  No.    20    0.000E+00    0.000E+00    0.000E+00    0.000E+00    0.000E+00    0.000E+00    0.000E+00    0.000E+00    0.000E+00    0.000E+00    0.000E+00    0.000E+00    0.000E+00    0.000E+00    0.000E+00    0.000E+00    0.000E+00    0.000E+00    0.000E+00    0.000E+00    0.000E+00    0.000E+00    0.000E+00 
  No.    21    0.000E+00    0.000E+00    0.000E+00    0.000E+00    0.000E+00    0.000E+00    0.000E+00    0.000E+00    0.000E+00    0.000E+00    0.000E+00    0.000E+00    0.000E+00    0.000E+00    0.000E+00    0.000E+00    0.000E+00    0.000E+00    0.000E+00    0.000E+00    0.000E+00    0.000E+00    0.000E+00 
  No.    22    0.000E+00    0.000E+00    0.000E+00    0.000E+00    0.000E+00    0.000E+00    0.000E+00    0.000E+00    0.000E+00    0.000E+00    0.000E+00    0.000E+00    0.000E+00    0.000E+00    0.000E+00    0.000E+00    0.000E+00    0.000E+00    0.000E+00    0.000E+00    0.000E+00    0.000E+00    0.000E+00 
  No.    23    0.000E+00    0.000E+00    0.000E+00    0.000E+00    0.000E+00    0.000E+00    0.000E+00    0.000E+00    0.000E+00    0.000E+00    0.000E+00    0.000E+00    0.000E+00    0.000E+00    0.000E+00    0.000E+00    0.000E+00    0.000E+00    0.000E+00    0.000E+00    0.000E+00    0.000E+00    0.000E+00 
-------------------------------------------------------
BE( 4) in e^2b^2:
             No.     1    No.     2    No.     3    No.     4    No.     5    No.     6    No.     7    No.     8    No.     9    No.    10    No.    11    No.    12    No.    13    No.    14    No.    15    No.    16    No.    17    No.    18    No.    19    No.    20    No.    21    No.    22    No.    23   
  No.     1    0.000E+00    0.134E-01    0.000E+00    0.421E-02    0.000E+00    0.000E+00    0.000E+00    0.000E+00    0.000E+00    0.000E+00    0.514E-03    0.000E+00    0.000E+00    0.000E+00    0.000E+00    0.000E+00    0.000E+00    0.000E+00    0.000E+00    0.000E+00    0.000E+00    0.000E+00    0.000E+00 
  No.     2    0.668E-01    0.118E-01    0.110E-02    0.287E-02    0.000E+00    0.106E-03    0.000E+00    0.170E-01    0.159E-02    0.000E+00    0.906E-03    0.000E+00    0.000E+00    0.408E-03    0.000E+00    0.146E-03    0.000E+00    0.000E+00    0.000E+00    0.000E+00    0.000E+00    0.000E+00    0.000E+00 
  No.     3    0.000E+00    0.199E-02    0.181E-01    0.708E-03    0.825E-04    0.118E-02    0.188E-02    0.138E-03    0.170E-02    0.156E-01    0.249E-02    0.000E+00    0.107E-03    0.000E+00    0.000E+00    0.829E-03    0.000E+00    0.383E-03    0.000E+00    0.000E+00    0.000E+00    0.000E+00    0.000E+00 
  No.     4    0.210E-01    0.287E-02    0.393E-03    0.865E-02    0.000E+00    0.241E-01    0.000E+00    0.389E-03    0.150E-01    0.000E+00    0.199E-01    0.000E+00    0.000E+00    0.535E-01    0.000E+00    0.167E-02    0.000E+00    0.000E+00    0.000E+00    0.000E+00    0.000E+00    0.000E+00    0.000E+00 
  No.     5    0.000E+00    0.000E+00    0.119E-03    0.000E+00    0.440E-02    0.713E-02    0.140E-01    0.123E-01    0.000E+00    0.130E-02    0.000E+00    0.460E-02    0.285E-02    0.000E+00    0.109E-01    0.103E-04    0.000E+00    0.227E-04    0.000E+00    0.000E+00    0.000E+00    0.000E+00    0.000E+00 
  No.     6    0.000E+00    0.191E-03    0.118E-02    0.433E-01    0.494E-02    0.119E-01    0.373E-02    0.108E-01    0.111E-02    0.127E-04    0.240E-02    0.000E+00    0.210E-01    0.000E+00    0.000E+00    0.987E-03    0.000E+00    0.277E-04    0.000E+00    0.000E+00    0.000E+00    0.000E+00    0.000E+00 
  No.     7    0.000E+00    0.000E+00    0.229E-02    0.000E+00    0.118E-01    0.456E-02    0.301E-02    0.231E-02    0.149E-01    0.135E-02    0.000E+00    0.000E+00    0.364E-03    0.000E+00    0.874E-02    0.370E-02    0.000E+00    0.296E-02    0.000E+00    0.000E+00    0.000E+00    0.000E+00    0.000E+00 
  No.     8    0.000E+00    0.305E-01    0.138E-03    0.700E-03    0.852E-02    0.108E-01    0.189E-02    0.574E-02    0.120E-02    0.875E-03    0.481E-02    0.000E+00    0.736E-02    0.000E+00    0.000E+00    0.189E-02    0.000E+00    0.916E-04    0.000E+00    0.000E+00    0.000E+00    0.000E+00    0.000E+00 
  No.     9    0.000E+00    0.222E-02    0.132E-02    0.210E-01    0.000E+00    0.863E-03    0.947E-02    0.936E-03    0.369E-03    0.242E-02    0.192E-01    0.000E+00    0.000E+00    0.000E+00    0.000E+00    0.527E-02    0.000E+00    0.000E+00    0.000E+00    0.000E+00    0.000E+00    0.000E+00    0.000E+00 
  No.    10    0.000E+00    0.000E+00    0.190E-01    0.000E+00    0.110E-02    0.155E-04    0.135E-02    0.107E-02    0.380E-02    0.274E-02    0.000E+00    0.000E+00    0.402E-06    0.000E+00    0.328E-03    0.760E-03    0.000E+00    0.982E-03    0.000E+00    0.000E+00    0.000E+00    0.000E+00    0.000E+00 
  No.    11    0.257E-02    0.906E-03    0.138E-02    0.199E-01    0.000E+00    0.133E-02    0.000E+00    0.267E-02    0.137E-01    0.000E+00    0.359E-04    0.000E+00    0.000E+00    0.654E-01    0.000E+00    0.205E-01    0.000E+00    0.000E+00    0.000E+00    0.000E+00    0.000E+00    0.000E+00    0.000E+00 
  No.    12    0.000E+00    0.000E+00    0.000E+00    0.000E+00    0.601E-02    0.000E+00    0.000E+00    0.000E+00    0.000E+00    0.000E+00    0.000E+00    0.990E-02    0.554E-02    0.000E+00    0.827E-02    0.000E+00    0.000E+00    0.680E-02    0.000E+00    0.000E+00    0.000E+00    0.000E+00    0.000E+00 
  No.    13    0.000E+00    0.000E+00    0.154E-03    0.000E+00    0.285E-02    0.303E-01    0.430E-03    0.106E-01    0.000E+00    0.475E-06    0.000E+00    0.424E-02    0.297E-01    0.000E+00    0.197E-03    0.328E-02    0.000E+00    0.788E-03    0.000E+00    0.000E+00    0.000E+00    0.000E+00    0.000E+00 
  No.    14    0.000E+00    0.817E-04    0.000E+00    0.107E-01    0.000E+00    0.000E+00    0.000E+00    0.000E+00    0.000E+00    0.000E+00    0.131E-01    0.000E+00    0.000E+00    0.000E+00    0.000E+00    0.000E+00    0.000E+00    0.000E+00    0.000E+00    0.000E+00    0.000E+00    0.000E+00    0.000E+00 
  No.    15    0.000E+00    0.000E+00    0.000E+00    0.000E+00    0.126E-01    0.000E+00    0.119E-01    0.000E+00    0.000E+00    0.447E-03    0.000E+00    0.730E-02    0.227E-03    0.000E+00    0.695E-03    0.000E+00    0.000E+00    0.183E-02    0.000E+00    0.000E+00    0.000E+00    0.000E+00    0.000E+00 
  No.    16    0.000E+00    0.263E-03    0.829E-03    0.300E-02    0.715E-05    0.987E-03    0.303E-02    0.189E-02    0.678E-02    0.622E-03    0.368E-01    0.000E+00    0.227E-02    0.000E+00    0.000E+00    0.134E-01    0.000E+00    0.352E-01    0.000E+00    0.000E+00    0.000E+00    0.000E+00    0.000E+00 
  No.    17    0.000E+00    0.000E+00    0.000E+00    0.000E+00    0.000E+00    0.000E+00    0.000E+00    0.000E+00    0.000E+00    0.000E+00    0.000E+00    0.000E+00    0.000E+00    0.000E+00    0.000E+00    0.000E+00    0.990E-02    0.000E+00    0.109E-01    0.757E-02    0.110E-01    0.154E-01    0.151E-01 
  No.    18    0.000E+00    0.000E+00    0.553E-03    0.000E+00    0.227E-04    0.400E-04    0.350E-02    0.132E-03    0.000E+00    0.116E-02    0.000E+00    0.520E-02    0.788E-03    0.000E+00    0.159E-02    0.509E-01    0.000E+00    0.203E-01    0.000E+00    0.000E+00    0.000E+00    0.000E+00    0.000E+00 
  No.    19    0.000E+00    0.000E+00    0.000E+00    0.000E+00    0.000E+00    0.000E+00    0.000E+00    0.000E+00    0.000E+00    0.000E+00    0.000E+00    0.000E+00    0.000E+00    0.000E+00    0.000E+00    0.000E+00    0.172E-01    0.000E+00    0.341E-01    0.369E-03    0.000E+00    0.650E-02    0.000E+00 
  No.    20    0.000E+00    0.000E+00    0.000E+00    0.000E+00    0.000E+00    0.000E+00    0.000E+00    0.000E+00    0.000E+00    0.000E+00    0.000E+00    0.000E+00    0.000E+00    0.000E+00    0.000E+00    0.000E+00    0.974E-02    0.000E+00    0.302E-03    0.982E-02    0.000E+00    0.811E-03    0.914E-02 
  No.    21    0.000E+00    0.000E+00    0.000E+00    0.000E+00    0.000E+00    0.000E+00    0.000E+00    0.000E+00    0.000E+00    0.000E+00    0.000E+00    0.000E+00    0.000E+00    0.000E+00    0.000E+00    0.000E+00    0.473E-02    0.000E+00    0.000E+00    0.000E+00    0.546E-02    0.904E-02    0.131E-01 
  No.    22    0.000E+00    0.000E+00    0.000E+00    0.000E+00    0.000E+00    0.000E+00    0.000E+00    0.000E+00    0.000E+00    0.000E+00    0.000E+00    0.000E+00    0.000E+00    0.000E+00    0.000E+00    0.000E+00    0.154E-01    0.000E+00    0.413E-02    0.631E-03    0.211E-01    0.602E-04    0.302E-02 
  No.    23    0.000E+00    0.000E+00    0.000E+00    0.000E+00    0.000E+00    0.000E+00    0.000E+00    0.000E+00    0.000E+00    0.000E+00    0.000E+00    0.000E+00    0.000E+00    0.000E+00    0.000E+00    0.000E+00    0.108E-01    0.000E+00    0.000E+00    0.508E-02    0.218E-01    0.216E-02    0.157E-02 
-------------------------------------------------------
BE( 6) in e^2b^2:
             No.     1    No.     2    No.     3    No.     4    No.     5    No.     6    No.     7    No.     8    No.     9    No.    10    No.    11    No.    12    No.    13    No.    14    No.    15    No.    16    No.    17    No.    18    No.    19    No.    20    No.    21    No.    22    No.    23   
  No.     1    0.000E+00    0.000E+00    0.000E+00    0.000E+00    0.000E+00    0.000E+00    0.000E+00    0.000E+00    0.000E+00    0.000E+00    0.000E+00    0.000E+00    0.000E+00    0.000E+00    0.000E+00    0.000E+00    0.505E-02    0.000E+00    0.000E+00    0.000E+00    0.000E+00    0.687E-07    0.000E+00 
  No.     2    0.000E+00    0.000E+00    0.000E+00    0.000E+00    0.000E+00    0.000E+00    0.000E+00    0.000E+00    0.000E+00    0.000E+00    0.000E+00    0.000E+00    0.000E+00    0.000E+00    0.000E+00    0.000E+00    0.152E-03    0.000E+00    0.243E-03    0.217E-02    0.213E-05    0.247E-02    0.727E-03 
  No.     3    0.000E+00    0.000E+00    0.000E+00    0.000E+00    0.000E+00    0.000E+00    0.000E+00    0.000E+00    0.000E+00    0.000E+00    0.000E+00    0.000E+00    0.000E+00    0.000E+00    0.000E+00    0.000E+00    0.654E-04    0.000E+00    0.495E-03    0.813E-03    0.107E-04    0.446E-03    0.112E-03 
  No.     4    0.000E+00    0.000E+00    0.000E+00    0.000E+00    0.000E+00    0.000E+00    0.000E+00    0.000E+00    0.000E+00    0.000E+00    0.000E+00    0.000E+00    0.000E+00    0.000E+00    0.000E+00    0.000E+00    0.108E-02    0.000E+00    0.203E-02    0.125E-03    0.493E-02    0.785E-03    0.253E-02 
  No.     5    0.000E+00    0.000E+00    0.000E+00    0.000E+00    0.000E+00    0.000E+00    0.000E+00    0.000E+00    0.000E+00    0.000E+00    0.000E+00    0.000E+00    0.000E+00    0.000E+00    0.000E+00    0.000E+00    0.626E-07    0.000E+00    0.459E-05    0.295E-05    0.000E+00    0.110E-05    0.000E+00 
  No.     6    0.000E+00    0.000E+00    0.000E+00    0.000E+00    0.000E+00    0.000E+00    0.000E+00    0.000E+00    0.000E+00    0.000E+00    0.000E+00    0.000E+00    0.000E+00    0.000E+00    0.000E+00    0.000E+00    0.628E-05    0.000E+00    0.978E-03    0.939E-03    0.732E-04    0.961E-03    0.443E-03 
  No.     7    0.000E+00    0.000E+00    0.000E+00    0.000E+00    0.000E+00    0.000E+00    0.000E+00    0.000E+00    0.000E+00    0.000E+00    0.000E+00    0.000E+00    0.000E+00    0.000E+00    0.000E+00    0.000E+00    0.137E-06    0.000E+00    0.118E-04    0.539E-05    0.000E+00    0.226E-04    0.789E-05 
  No.     8    0.000E+00    0.000E+00    0.000E+00    0.000E+00    0.000E+00    0.000E+00    0.000E+00    0.000E+00    0.000E+00    0.000E+00    0.000E+00    0.000E+00    0.000E+00    0.000E+00    0.000E+00    0.000E+00    0.435E-05    0.000E+00    0.639E-05    0.688E-05    0.106E-04    0.113E-05    0.259E-04 
  No.     9    0.000E+00    0.000E+00    0.000E+00    0.000E+00    0.000E+00    0.000E+00    0.000E+00    0.000E+00    0.000E+00    0.000E+00    0.000E+00    0.000E+00    0.000E+00    0.000E+00    0.000E+00    0.000E+00    0.774E-11    0.000E+00    0.125E-05    0.607E-05    0.911E-05    0.266E-04    0.371E-05 
  No.    10    0.000E+00    0.000E+00    0.000E+00    0.000E+00    0.000E+00    0.000E+00    0.000E+00    0.000E+00    0.000E+00    0.000E+00    0.000E+00    0.000E+00    0.000E+00    0.000E+00    0.000E+00    0.000E+00    0.736E-07    0.000E+00    0.725E-05    0.351E-05    0.000E+00    0.164E-04    0.454E-05 
  No.    11    0.000E+00    0.000E+00    0.000E+00    0.000E+00    0.000E+00    0.000E+00    0.000E+00    0.000E+00    0.000E+00    0.000E+00    0.000E+00    0.000E+00    0.000E+00    0.000E+00    0.000E+00    0.000E+00    0.483E-05    0.000E+00    0.374E-03    0.226E-04    0.105E-02    0.165E-03    0.245E-03 
  No.    12    0.000E+00    0.000E+00    0.000E+00    0.000E+00    0.000E+00    0.000E+00    0.000E+00    0.000E+00    0.000E+00    0.000E+00    0.000E+00    0.000E+00    0.000E+00    0.000E+00    0.000E+00    0.000E+00    0.000E+00    0.000E+00    0.203E-07    0.000E+00    0.000E+00    0.000E+00    0.000E+00 
  No.    13    0.000E+00    0.000E+00    0.000E+00    0.000E+00    0.000E+00    0.000E+00    0.000E+00    0.000E+00    0.000E+00    0.000E+00    0.000E+00    0.000E+00    0.000E+00    0.000E+00    0.000E+00    0.000E+00    0.299E-07    0.000E+00    0.101E-04    0.747E-05    0.000E+00    0.146E-05    0.000E+00 
  No.    14    0.000E+00    0.000E+00    0.000E+00    0.000E+00    0.000E+00    0.000E+00    0.000E+00    0.000E+00    0.000E+00    0.000E+00    0.000E+00    0.000E+00    0.000E+00    0.000E+00    0.000E+00    0.000E+00    0.628E-03    0.000E+00    0.000E+00    0.000E+00    0.000E+00    0.256E-03    0.000E+00 
  No.    15    0.000E+00    0.000E+00    0.000E+00    0.000E+00    0.000E+00    0.000E+00    0.000E+00    0.000E+00    0.000E+00    0.000E+00    0.000E+00    0.000E+00    0.000E+00    0.000E+00    0.000E+00    0.000E+00    0.000E+00    0.000E+00    0.208E-08    0.143E-07    0.000E+00    0.000E+00    0.000E+00 
  No.    16    0.000E+00    0.000E+00    0.000E+00    0.000E+00    0.000E+00    0.000E+00    0.000E+00    0.000E+00    0.000E+00    0.000E+00    0.000E+00    0.000E+00    0.000E+00    0.000E+00    0.000E+00    0.000E+00    0.969E-05    0.000E+00    0.668E-05    0.397E-05    0.108E-05    0.141E-04    0.451E-05 
  No.    17    0.353E-01    0.213E-03    0.508E-04    0.152E-02    0.337E-07    0.488E-05    0.872E-07    0.338E-05    0.774E-11    0.468E-07    0.676E-05    0.000E+00    0.161E-07    0.440E-02    0.000E+00    0.754E-05    0.000E+00    0.211E-09    0.000E+00    0.000E+00    0.000E+00    0.000E+00    0.000E+00 
  No.    18    0.000E+00    0.000E+00    0.000E+00    0.000E+00    0.000E+00    0.000E+00    0.000E+00    0.000E+00    0.000E+00    0.000E+00    0.000E+00    0.000E+00    0.000E+00    0.000E+00    0.000E+00    0.000E+00    0.393E-09    0.000E+00    0.294E-05    0.202E-05    0.000E+00    0.566E-06    0.000E+00 
  No.    19    0.000E+00    0.535E-03    0.605E-03    0.446E-02    0.388E-05    0.119E-02    0.118E-04    0.781E-05    0.196E-05    0.725E-05    0.822E-03    0.131E-07    0.854E-05    0.000E+00    0.152E-08    0.817E-05    0.000E+00    0.249E-05    0.000E+00    0.000E+00    0.000E+00    0.000E+00    0.000E+00 
  No.    20    0.000E+00    0.391E-02    0.813E-03    0.225E-03    0.205E-05    0.939E-03    0.441E-05    0.688E-05    0.781E-05    0.287E-05    0.408E-04    0.000E+00    0.517E-05    0.000E+00    0.858E-08    0.397E-05    0.000E+00    0.140E-05    0.000E+00    0.000E+00    0.000E+00    0.000E+00    0.000E+00 
  No.    21    0.000E+00    0.128E-05    0.357E-05    0.296E-02    0.000E+00    0.244E-04    0.000E+00    0.354E-05    0.391E-05    0.000E+00    0.633E-03    0.000E+00    0.000E+00    0.000E+00    0.000E+00    0.361E-06    0.000E+00    0.000E+00    0.000E+00    0.000E+00    0.000E+00    0.000E+00    0.000E+00 
  No.    22    0.481E-06    0.346E-02    0.347E-03    0.110E-02    0.590E-06    0.747E-03    0.144E-04    0.876E-06    0.266E-04    0.104E-04    0.232E-03    0.000E+00    0.785E-06    0.179E-02    0.000E+00    0.109E-04    0.000E+00    0.305E-06    0.000E+00    0.000E+00    0.000E+00    0.000E+00    0.000E+00 
  No.    23    0.000E+00    0.727E-03    0.624E-04    0.253E-02    0.000E+00    0.246E-03    0.359E-05    0.144E-04    0.265E-05    0.206E-05    0.245E-03    0.000E+00    0.000E+00    0.000E+00    0.000E+00    0.251E-05    0.000E+00    0.000E+00    0.000E+00    0.000E+00    0.000E+00    0.000E+00    0.000E+00 
-------------------------------------------------------
BE( 2) in W.u.:
             No.     1    No.     2    No.     3    No.     4    No.     5    No.     6    No.     7    No.     8    No.     9    No.    10    No.    11    No.    12    No.    13    No.    14    No.    15    No.    16    No.    17    No.    18    No.    19    No.    20    No.    21    No.    22    No.    23   
  No.     1    0.000E+00    0.000E+00    0.000E+00    0.000E+00    0.000E+00    0.000E+00    0.000E+00    0.000E+00    0.000E+00    0.000E+00    0.000E+00    0.000E+00    0.000E+00    0.000E+00    0.000E+00    0.000E+00    0.000E+00    0.000E+00    0.000E+00    0.000E+00    0.000E+00    0.000E+00    0.000E+00 
  No.     2    0.000E+00    0.000E+00    0.000E+00    0.000E+00    0.000E+00    0.000E+00    0.000E+00    0.000E+00    0.000E+00    0.000E+00    0.000E+00    0.000E+00    0.000E+00    0.000E+00    0.000E+00    0.000E+00    0.000E+00    0.000E+00    0.000E+00    0.000E+00    0.000E+00    0.000E+00    0.000E+00 
  No.     3    0.000E+00    0.000E+00    0.000E+00    0.000E+00    0.000E+00    0.000E+00    0.000E+00    0.000E+00    0.000E+00    0.000E+00    0.000E+00    0.000E+00    0.000E+00    0.000E+00    0.000E+00    0.000E+00    0.000E+00    0.000E+00    0.000E+00    0.000E+00    0.000E+00    0.000E+00    0.000E+00 
  No.     4    0.000E+00    0.000E+00    0.000E+00    0.000E+00    0.000E+00    0.000E+00    0.000E+00    0.000E+00    0.000E+00    0.000E+00    0.000E+00    0.000E+00    0.000E+00    0.000E+00    0.000E+00    0.000E+00    0.000E+00    0.000E+00    0.000E+00    0.000E+00    0.000E+00    0.000E+00    0.000E+00 
  No.     5    0.000E+00    0.000E+00    0.000E+00    0.000E+00    0.000E+00    0.000E+00    0.000E+00    0.000E+00    0.000E+00    0.000E+00    0.000E+00    0.000E+00    0.000E+00    0.000E+00    0.000E+00    0.000E+00    0.000E+00    0.000E+00    0.000E+00    0.000E+00    0.000E+00    0.000E+00    0.000E+00 
  No.     6    0.000E+00    0.000E+00    0.000E+00    0.000E+00    0.000E+00    0.000E+00    0.000E+00    0.000E+00    0.000E+00    0.000E+00    0.000E+00    0.000E+00    0.000E+00    0.000E+00    0.000E+00    0.000E+00    0.000E+00    0.000E+00    0.000E+00    0.000E+00    0.000E+00    0.000E+00    0.000E+00 
  No.     7    0.000E+00    0.000E+00    0.000E+00    0.000E+00    0.000E+00    0.000E+00    0.000E+00    0.000E+00    0.000E+00    0.000E+00    0.000E+00    0.000E+00    0.000E+00    0.000E+00    0.000E+00    0.000E+00    0.000E+00    0.000E+00    0.000E+00    0.000E+00    0.000E+00    0.000E+00    0.000E+00 
  No.     8    0.000E+00    0.000E+00    0.000E+00    0.000E+00    0.000E+00    0.000E+00    0.000E+00    0.000E+00    0.000E+00    0.000E+00    0.000E+00    0.000E+00    0.000E+00    0.000E+00    0.000E+00    0.000E+00    0.000E+00    0.000E+00    0.000E+00    0.000E+00    0.000E+00    0.000E+00    0.000E+00 
  No.     9    0.000E+00    0.000E+00    0.000E+00    0.000E+00    0.000E+00    0.000E+00    0.000E+00    0.000E+00    0.000E+00    0.000E+00    0.000E+00    0.000E+00    0.000E+00    0.000E+00    0.000E+00    0.000E+00    0.000E+00    0.000E+00    0.000E+00    0.000E+00    0.000E+00    0.000E+00    0.000E+00 
  No.    10    0.000E+00    0.000E+00    0.000E+00    0.000E+00    0.000E+00    0.000E+00    0.000E+00    0.000E+00    0.000E+00    0.000E+00    0.000E+00    0.000E+00    0.000E+00    0.000E+00    0.000E+00    0.000E+00    0.000E+00    0.000E+00    0.000E+00    0.000E+00    0.000E+00    0.000E+00    0.000E+00 
  No.    11    0.000E+00    0.000E+00    0.000E+00    0.000E+00    0.000E+00    0.000E+00    0.000E+00    0.000E+00    0.000E+00    0.000E+00    0.000E+00    0.000E+00    0.000E+00    0.000E+00    0.000E+00    0.000E+00    0.000E+00    0.000E+00    0.000E+00    0.000E+00    0.000E+00    0.000E+00    0.000E+00 
  No.    12    0.000E+00    0.000E+00    0.000E+00    0.000E+00    0.000E+00    0.000E+00    0.000E+00    0.000E+00    0.000E+00    0.000E+00    0.000E+00    0.000E+00    0.000E+00    0.000E+00    0.000E+00    0.000E+00    0.000E+00    0.000E+00    0.000E+00    0.000E+00    0.000E+00    0.000E+00    0.000E+00 
  No.    13    0.000E+00    0.000E+00    0.000E+00    0.000E+00    0.000E+00    0.000E+00    0.000E+00    0.000E+00    0.000E+00    0.000E+00    0.000E+00    0.000E+00    0.000E+00    0.000E+00    0.000E+00    0.000E+00    0.000E+00    0.000E+00    0.000E+00    0.000E+00    0.000E+00    0.000E+00    0.000E+00 
  No.    14    0.000E+00    0.000E+00    0.000E+00    0.000E+00    0.000E+00    0.000E+00    0.000E+00    0.000E+00    0.000E+00    0.000E+00    0.000E+00    0.000E+00    0.000E+00    0.000E+00    0.000E+00    0.000E+00    0.000E+00    0.000E+00    0.000E+00    0.000E+00    0.000E+00    0.000E+00    0.000E+00 
  No.    15    0.000E+00    0.000E+00    0.000E+00    0.000E+00    0.000E+00    0.000E+00    0.000E+00    0.000E+00    0.000E+00    0.000E+00    0.000E+00    0.000E+00    0.000E+00    0.000E+00    0.000E+00    0.000E+00    0.000E+00    0.000E+00    0.000E+00    0.000E+00    0.000E+00    0.000E+00    0.000E+00 
  No.    16    0.000E+00    0.000E+00    0.000E+00    0.000E+00    0.000E+00    0.000E+00    0.000E+00    0.000E+00    0.000E+00    0.000E+00    0.000E+00    0.000E+00    0.000E+00    0.000E+00    0.000E+00    0.000E+00    0.000E+00    0.000E+00    0.000E+00    0.000E+00    0.000E+00    0.000E+00    0.000E+00 
  No.    17    0.000E+00    0.000E+00    0.000E+00    0.000E+00    0.000E+00    0.000E+00    0.000E+00    0.000E+00    0.000E+00    0.000E+00    0.000E+00    0.000E+00    0.000E+00    0.000E+00    0.000E+00    0.000E+00    0.000E+00    0.000E+00    0.000E+00    0.000E+00    0.000E+00    0.000E+00    0.000E+00 
  No.    18    0.000E+00    0.000E+00    0.000E+00    0.000E+00    0.000E+00    0.000E+00    0.000E+00    0.000E+00    0.000E+00    0.000E+00    0.000E+00    0.000E+00    0.000E+00    0.000E+00    0.000E+00    0.000E+00    0.000E+00    0.000E+00    0.000E+00    0.000E+00    0.000E+00    0.000E+00    0.000E+00 
  No.    19    0.000E+00    0.000E+00    0.000E+00    0.000E+00    0.000E+00    0.000E+00    0.000E+00    0.000E+00    0.000E+00    0.000E+00    0.000E+00    0.000E+00    0.000E+00    0.000E+00    0.000E+00    0.000E+00    0.000E+00    0.000E+00    0.000E+00    0.000E+00    0.000E+00    0.000E+00    0.000E+00 
  No.    20    0.000E+00    0.000E+00    0.000E+00    0.000E+00    0.000E+00    0.000E+00    0.000E+00    0.000E+00    0.000E+00    0.000E+00    0.000E+00    0.000E+00    0.000E+00    0.000E+00    0.000E+00    0.000E+00    0.000E+00    0.000E+00    0.000E+00    0.000E+00    0.000E+00    0.000E+00    0.000E+00 
  No.    21    0.000E+00    0.000E+00    0.000E+00    0.000E+00    0.000E+00    0.000E+00    0.000E+00    0.000E+00    0.000E+00    0.000E+00    0.000E+00    0.000E+00    0.000E+00    0.000E+00    0.000E+00    0.000E+00    0.000E+00    0.000E+00    0.000E+00    0.000E+00    0.000E+00    0.000E+00    0.000E+00 
  No.    22    0.000E+00    0.000E+00    0.000E+00    0.000E+00    0.000E+00    0.000E+00    0.000E+00    0.000E+00    0.000E+00    0.000E+00    0.000E+00    0.000E+00    0.000E+00    0.000E+00    0.000E+00    0.000E+00    0.000E+00    0.000E+00    0.000E+00    0.000E+00    0.000E+00    0.000E+00    0.000E+00 
  No.    23    0.000E+00    0.000E+00    0.000E+00    0.000E+00    0.000E+00    0.000E+00    0.000E+00    0.000E+00    0.000E+00    0.000E+00    0.000E+00    0.000E+00    0.000E+00    0.000E+00    0.000E+00    0.000E+00    0.000E+00    0.000E+00    0.000E+00    0.000E+00    0.000E+00    0.000E+00    0.000E+00 
-------------------------------------------------------
BE( 4) in W.u.:
             No.     1    No.     2    No.     3    No.     4    No.     5    No.     6    No.     7    No.     8    No.     9    No.    10    No.    11    No.    12    No.    13    No.    14    No.    15    No.    16    No.    17    No.    18    No.    19    No.    20    No.    21    No.    22    No.    23   
  No.     1    0.000E+00    0.322E+01    0.000E+00    0.101E+01    0.000E+00    0.000E+00    0.000E+00    0.000E+00    0.000E+00    0.000E+00    0.124E+00    0.000E+00    0.000E+00    0.000E+00    0.000E+00    0.000E+00    0.000E+00    0.000E+00    0.000E+00    0.000E+00    0.000E+00    0.000E+00    0.000E+00 
  No.     2    0.161E+02    0.283E+01    0.266E+00    0.691E+00    0.000E+00    0.256E-01    0.000E+00    0.408E+01    0.382E+00    0.000E+00    0.218E+00    0.000E+00    0.000E+00    0.983E-01    0.000E+00    0.352E-01    0.000E+00    0.000E+00    0.000E+00    0.000E+00    0.000E+00    0.000E+00    0.000E+00 
  No.     3    0.000E+00    0.478E+00    0.435E+01    0.170E+00    0.198E-01    0.283E+00    0.452E+00    0.332E-01    0.409E+00    0.374E+01    0.599E+00    0.000E+00    0.256E-01    0.000E+00    0.000E+00    0.200E+00    0.000E+00    0.921E-01    0.000E+00    0.000E+00    0.000E+00    0.000E+00    0.000E+00 
  No.     4    0.506E+01    0.691E+00    0.947E-01    0.208E+01    0.000E+00    0.580E+01    0.000E+00    0.936E-01    0.360E+01    0.000E+00    0.479E+01    0.000E+00    0.000E+00    0.129E+02    0.000E+00    0.401E+00    0.000E+00    0.000E+00    0.000E+00    0.000E+00    0.000E+00    0.000E+00    0.000E+00 
  No.     5    0.000E+00    0.000E+00    0.287E-01    0.000E+00    0.106E+01    0.172E+01    0.336E+01    0.296E+01    0.000E+00    0.313E+00    0.000E+00    0.111E+01    0.686E+00    0.000E+00    0.263E+01    0.249E-02    0.000E+00    0.546E-02    0.000E+00    0.000E+00    0.000E+00    0.000E+00    0.000E+00 
  No.     6    0.000E+00    0.460E-01    0.283E+00    0.104E+02    0.119E+01    0.287E+01    0.898E+00    0.261E+01    0.267E+00    0.306E-02    0.577E+00    0.000E+00    0.505E+01    0.000E+00    0.000E+00    0.238E+00    0.000E+00    0.666E-02    0.000E+00    0.000E+00    0.000E+00    0.000E+00    0.000E+00 
  No.     7    0.000E+00    0.000E+00    0.552E+00    0.000E+00    0.284E+01    0.110E+01    0.725E+00    0.555E+00    0.358E+01    0.325E+00    0.000E+00    0.000E+00    0.876E-01    0.000E+00    0.210E+01    0.890E+00    0.000E+00    0.714E+00    0.000E+00    0.000E+00    0.000E+00    0.000E+00    0.000E+00 
  No.     8    0.000E+00    0.735E+01    0.332E-01    0.168E+00    0.205E+01    0.261E+01    0.454E+00    0.138E+01    0.290E+00    0.211E+00    0.116E+01    0.000E+00    0.177E+01    0.000E+00    0.000E+00    0.456E+00    0.000E+00    0.220E-01    0.000E+00    0.000E+00    0.000E+00    0.000E+00    0.000E+00 
  No.     9    0.000E+00    0.535E+00    0.318E+00    0.505E+01    0.000E+00    0.208E+00    0.228E+01    0.225E+00    0.888E-01    0.582E+00    0.462E+01    0.000E+00    0.000E+00    0.000E+00    0.000E+00    0.127E+01    0.000E+00    0.000E+00    0.000E+00    0.000E+00    0.000E+00    0.000E+00    0.000E+00 
  No.    10    0.000E+00    0.000E+00    0.458E+01    0.000E+00    0.264E+00    0.374E-02    0.325E+00    0.257E+00    0.915E+00    0.660E+00    0.000E+00    0.000E+00    0.968E-04    0.000E+00    0.789E-01    0.183E+00    0.000E+00    0.236E+00    0.000E+00    0.000E+00    0.000E+00    0.000E+00    0.000E+00 
  No.    11    0.619E+00    0.218E+00    0.333E+00    0.479E+01    0.000E+00    0.321E+00    0.000E+00    0.643E+00    0.330E+01    0.000E+00    0.865E-02    0.000E+00    0.000E+00    0.157E+02    0.000E+00    0.493E+01    0.000E+00    0.000E+00    0.000E+00    0.000E+00    0.000E+00    0.000E+00    0.000E+00 
  No.    12    0.000E+00    0.000E+00    0.000E+00    0.000E+00    0.145E+01    0.000E+00    0.000E+00    0.000E+00    0.000E+00    0.000E+00    0.000E+00    0.238E+01    0.133E+01    0.000E+00    0.199E+01    0.000E+00    0.000E+00    0.164E+01    0.000E+00    0.000E+00    0.000E+00    0.000E+00    0.000E+00 
  No.    13    0.000E+00    0.000E+00    0.370E-01    0.000E+00    0.686E+00    0.729E+01    0.104E+00    0.256E+01    0.000E+00    0.114E-03    0.000E+00    0.102E+01    0.715E+01    0.000E+00    0.474E-01    0.790E+00    0.000E+00    0.190E+00    0.000E+00    0.000E+00    0.000E+00    0.000E+00    0.000E+00 
  No.    14    0.000E+00    0.197E-01    0.000E+00    0.257E+01    0.000E+00    0.000E+00    0.000E+00    0.000E+00    0.000E+00    0.000E+00    0.315E+01    0.000E+00    0.000E+00    0.000E+00    0.000E+00    0.000E+00    0.000E+00    0.000E+00    0.000E+00    0.000E+00    0.000E+00    0.000E+00    0.000E+00 
  No.    15    0.000E+00    0.000E+00    0.000E+00    0.000E+00    0.303E+01    0.000E+00    0.287E+01    0.000E+00    0.000E+00    0.108E+00    0.000E+00    0.176E+01    0.547E-01    0.000E+00    0.167E+00    0.000E+00    0.000E+00    0.441E+00    0.000E+00    0.000E+00    0.000E+00    0.000E+00    0.000E+00 
  No.    16    0.000E+00    0.634E-01    0.200E+00    0.722E+00    0.172E-02    0.238E+00    0.728E+00    0.456E+00    0.163E+01    0.150E+00    0.887E+01    0.000E+00    0.547E+00    0.000E+00    0.000E+00    0.323E+01    0.000E+00    0.847E+01    0.000E+00    0.000E+00    0.000E+00    0.000E+00    0.000E+00 
  No.    17    0.000E+00    0.000E+00    0.000E+00    0.000E+00    0.000E+00    0.000E+00    0.000E+00    0.000E+00    0.000E+00    0.000E+00    0.000E+00    0.000E+00    0.000E+00    0.000E+00    0.000E+00    0.000E+00    0.238E+01    0.000E+00    0.263E+01    0.182E+01    0.266E+01    0.370E+01    0.363E+01 
  No.    18    0.000E+00    0.000E+00    0.133E+00    0.000E+00    0.546E-02    0.962E-02    0.843E+00    0.318E-01    0.000E+00    0.279E+00    0.000E+00    0.125E+01    0.190E+00    0.000E+00    0.382E+00    0.122E+02    0.000E+00    0.488E+01    0.000E+00    0.000E+00    0.000E+00    0.000E+00    0.000E+00 
  No.    19    0.000E+00    0.000E+00    0.000E+00    0.000E+00    0.000E+00    0.000E+00    0.000E+00    0.000E+00    0.000E+00    0.000E+00    0.000E+00    0.000E+00    0.000E+00    0.000E+00    0.000E+00    0.000E+00    0.413E+01    0.000E+00    0.820E+01    0.888E-01    0.000E+00    0.156E+01    0.000E+00 
  No.    20    0.000E+00    0.000E+00    0.000E+00    0.000E+00    0.000E+00    0.000E+00    0.000E+00    0.000E+00    0.000E+00    0.000E+00    0.000E+00    0.000E+00    0.000E+00    0.000E+00    0.000E+00    0.000E+00    0.234E+01    0.000E+00    0.726E-01    0.236E+01    0.000E+00    0.195E+00    0.220E+01 
  No.    21    0.000E+00    0.000E+00    0.000E+00    0.000E+00    0.000E+00    0.000E+00    0.000E+00    0.000E+00    0.000E+00    0.000E+00    0.000E+00    0.000E+00    0.000E+00    0.000E+00    0.000E+00    0.000E+00    0.114E+01    0.000E+00    0.000E+00    0.000E+00    0.131E+01    0.218E+01    0.315E+01 
  No.    22    0.000E+00    0.000E+00    0.000E+00    0.000E+00    0.000E+00    0.000E+00    0.000E+00    0.000E+00    0.000E+00    0.000E+00    0.000E+00    0.000E+00    0.000E+00    0.000E+00    0.000E+00    0.000E+00    0.370E+01    0.000E+00    0.995E+00    0.152E+00    0.508E+01    0.145E-01    0.728E+00 
  No.    23    0.000E+00    0.000E+00    0.000E+00    0.000E+00    0.000E+00    0.000E+00    0.000E+00    0.000E+00    0.000E+00    0.000E+00    0.000E+00    0.000E+00    0.000E+00    0.000E+00    0.000E+00    0.000E+00    0.259E+01    0.000E+00    0.000E+00    0.122E+01    0.524E+01    0.520E+00    0.377E+00 
-------------------------------------------------------
BE( 6) in W.u.:
             No.     1    No.     2    No.     3    No.     4    No.     5    No.     6    No.     7    No.     8    No.     9    No.    10    No.    11    No.    12    No.    13    No.    14    No.    15    No.    16    No.    17    No.    18    No.    19    No.    20    No.    21    No.    22    No.    23   
  No.     1    0.000E+00    0.000E+00    0.000E+00    0.000E+00    0.000E+00    0.000E+00    0.000E+00    0.000E+00    0.000E+00    0.000E+00    0.000E+00    0.000E+00    0.000E+00    0.000E+00    0.000E+00    0.000E+00    0.459E+01    0.000E+00    0.000E+00    0.000E+00    0.000E+00    0.625E-04    0.000E+00 
  No.     2    0.000E+00    0.000E+00    0.000E+00    0.000E+00    0.000E+00    0.000E+00    0.000E+00    0.000E+00    0.000E+00    0.000E+00    0.000E+00    0.000E+00    0.000E+00    0.000E+00    0.000E+00    0.000E+00    0.139E+00    0.000E+00    0.221E+00    0.198E+01    0.194E-02    0.225E+01    0.661E+00 
  No.     3    0.000E+00    0.000E+00    0.000E+00    0.000E+00    0.000E+00    0.000E+00    0.000E+00    0.000E+00    0.000E+00    0.000E+00    0.000E+00    0.000E+00    0.000E+00    0.000E+00    0.000E+00    0.000E+00    0.595E-01    0.000E+00    0.451E+00    0.740E+00    0.975E-02    0.406E+00    0.102E+00 
  No.     4    0.000E+00    0.000E+00    0.000E+00    0.000E+00    0.000E+00    0.000E+00    0.000E+00    0.000E+00    0.000E+00    0.000E+00    0.000E+00    0.000E+00    0.000E+00    0.000E+00    0.000E+00    0.000E+00    0.987E+00    0.000E+00    0.185E+01    0.114E+00    0.449E+01    0.715E+00    0.231E+01 
  No.     5    0.000E+00    0.000E+00    0.000E+00    0.000E+00    0.000E+00    0.000E+00    0.000E+00    0.000E+00    0.000E+00    0.000E+00    0.000E+00    0.000E+00    0.000E+00    0.000E+00    0.000E+00    0.000E+00    0.569E-04    0.000E+00    0.417E-02    0.269E-02    0.000E+00    0.997E-03    0.000E+00 
  No.     6    0.000E+00    0.000E+00    0.000E+00    0.000E+00    0.000E+00    0.000E+00    0.000E+00    0.000E+00    0.000E+00    0.000E+00    0.000E+00    0.000E+00    0.000E+00    0.000E+00    0.000E+00    0.000E+00    0.571E-02    0.000E+00    0.890E+00    0.854E+00    0.666E-01    0.874E+00    0.403E+00 
  No.     7    0.000E+00    0.000E+00    0.000E+00    0.000E+00    0.000E+00    0.000E+00    0.000E+00    0.000E+00    0.000E+00    0.000E+00    0.000E+00    0.000E+00    0.000E+00    0.000E+00    0.000E+00    0.000E+00    0.125E-03    0.000E+00    0.107E-01    0.490E-02    0.000E+00    0.206E-01    0.718E-02 
  No.     8    0.000E+00    0.000E+00    0.000E+00    0.000E+00    0.000E+00    0.000E+00    0.000E+00    0.000E+00    0.000E+00    0.000E+00    0.000E+00    0.000E+00    0.000E+00    0.000E+00    0.000E+00    0.000E+00    0.396E-02    0.000E+00    0.581E-02    0.626E-02    0.967E-02    0.102E-02    0.235E-01 
  No.     9    0.000E+00    0.000E+00    0.000E+00    0.000E+00    0.000E+00    0.000E+00    0.000E+00    0.000E+00    0.000E+00    0.000E+00    0.000E+00    0.000E+00    0.000E+00    0.000E+00    0.000E+00    0.000E+00    0.704E-08    0.000E+00    0.114E-02    0.553E-02    0.829E-02    0.242E-01    0.338E-02 
  No.    10    0.000E+00    0.000E+00    0.000E+00    0.000E+00    0.000E+00    0.000E+00    0.000E+00    0.000E+00    0.000E+00    0.000E+00    0.000E+00    0.000E+00    0.000E+00    0.000E+00    0.000E+00    0.000E+00    0.670E-04    0.000E+00    0.660E-02    0.319E-02    0.000E+00    0.149E-01    0.413E-02 
  No.    11    0.000E+00    0.000E+00    0.000E+00    0.000E+00    0.000E+00    0.000E+00    0.000E+00    0.000E+00    0.000E+00    0.000E+00    0.000E+00    0.000E+00    0.000E+00    0.000E+00    0.000E+00    0.000E+00    0.440E-02    0.000E+00    0.340E+00    0.206E-01    0.960E+00    0.151E+00    0.223E+00 
  No.    12    0.000E+00    0.000E+00    0.000E+00    0.000E+00    0.000E+00    0.000E+00    0.000E+00    0.000E+00    0.000E+00    0.000E+00    0.000E+00    0.000E+00    0.000E+00    0.000E+00    0.000E+00    0.000E+00    0.000E+00    0.000E+00    0.185E-04    0.000E+00    0.000E+00    0.000E+00    0.000E+00 
  No.    13    0.000E+00    0.000E+00    0.000E+00    0.000E+00    0.000E+00    0.000E+00    0.000E+00    0.000E+00    0.000E+00    0.000E+00    0.000E+00    0.000E+00    0.000E+00    0.000E+00    0.000E+00    0.000E+00    0.272E-04    0.000E+00    0.919E-02    0.680E-02    0.000E+00    0.133E-02    0.000E+00 
  No.    14    0.000E+00    0.000E+00    0.000E+00    0.000E+00    0.000E+00    0.000E+00    0.000E+00    0.000E+00    0.000E+00    0.000E+00    0.000E+00    0.000E+00    0.000E+00    0.000E+00    0.000E+00    0.000E+00    0.572E+00    0.000E+00    0.000E+00    0.000E+00    0.000E+00    0.233E+00    0.000E+00 
  No.    15    0.000E+00    0.000E+00    0.000E+00    0.000E+00    0.000E+00    0.000E+00    0.000E+00    0.000E+00    0.000E+00    0.000E+00    0.000E+00    0.000E+00    0.000E+00    0.000E+00    0.000E+00    0.000E+00    0.000E+00    0.000E+00    0.189E-05    0.130E-04    0.000E+00    0.000E+00    0.000E+00 
  No.    16    0.000E+00    0.000E+00    0.000E+00    0.000E+00    0.000E+00    0.000E+00    0.000E+00    0.000E+00    0.000E+00    0.000E+00    0.000E+00    0.000E+00    0.000E+00    0.000E+00    0.000E+00    0.000E+00    0.882E-02    0.000E+00    0.608E-02    0.361E-02    0.986E-03    0.128E-01    0.411E-02 
  No.    17    0.321E+02    0.194E+00    0.463E-01    0.138E+01    0.307E-04    0.444E-02    0.793E-04    0.308E-02    0.704E-08    0.426E-04    0.616E-02    0.000E+00    0.146E-04    0.400E+01    0.000E+00    0.686E-02    0.000E+00    0.192E-06    0.000E+00    0.000E+00    0.000E+00    0.000E+00    0.000E+00 
  No.    18    0.000E+00    0.000E+00    0.000E+00    0.000E+00    0.000E+00    0.000E+00    0.000E+00    0.000E+00    0.000E+00    0.000E+00    0.000E+00    0.000E+00    0.000E+00    0.000E+00    0.000E+00    0.000E+00    0.357E-06    0.000E+00    0.268E-02    0.184E-02    0.000E+00    0.515E-03    0.000E+00 
  No.    19    0.000E+00    0.487E+00    0.551E+00    0.406E+01    0.353E-02    0.109E+01    0.107E-01    0.711E-02    0.178E-02    0.660E-02    0.748E+00    0.120E-04    0.777E-02    0.000E+00    0.139E-05    0.744E-02    0.000E+00    0.227E-02    0.000E+00    0.000E+00    0.000E+00    0.000E+00    0.000E+00 
  No.    20    0.000E+00    0.356E+01    0.740E+00    0.205E+00    0.186E-02    0.854E+00    0.401E-02    0.626E-02    0.710E-02    0.261E-02    0.371E-01    0.000E+00    0.471E-02    0.000E+00    0.781E-05    0.361E-02    0.000E+00    0.127E-02    0.000E+00    0.000E+00    0.000E+00    0.000E+00    0.000E+00 
  No.    21    0.000E+00    0.116E-02    0.325E-02    0.269E+01    0.000E+00    0.222E-01    0.000E+00    0.322E-02    0.355E-02    0.000E+00    0.576E+00    0.000E+00    0.000E+00    0.000E+00    0.000E+00    0.329E-03    0.000E+00    0.000E+00    0.000E+00    0.000E+00    0.000E+00    0.000E+00    0.000E+00 
  No.    22    0.437E-03    0.315E+01    0.316E+00    0.100E+01    0.537E-03    0.680E+00    0.131E-01    0.797E-03    0.242E-01    0.949E-02    0.211E+00    0.000E+00    0.715E-03    0.163E+01    0.000E+00    0.995E-02    0.000E+00    0.277E-03    0.000E+00    0.000E+00    0.000E+00    0.000E+00    0.000E+00 
  No.    23    0.000E+00    0.661E+00    0.568E-01    0.231E+01    0.000E+00    0.224E+00    0.327E-02    0.131E-01    0.241E-02    0.188E-02    0.223E+00    0.000E+00    0.000E+00    0.000E+00    0.000E+00    0.228E-02    0.000E+00    0.000E+00    0.000E+00    0.000E+00    0.000E+00    0.000E+00    0.000E+00 
-------------------------------------------------------
BM(1) in muN :
             No.     1    No.     2    No.     3    No.     4    No.     5    No.     6    No.     7    No.     8    No.     9    No.    10    No.    11    No.    12    No.    13    No.    14    No.    15    No.    16    No.    17    No.    18    No.    19    No.    20    No.    21    No.    22    No.    23   
  No.     1    0.000E+00    0.000E+00    0.000E+00    0.000E+00    0.000E+00    0.000E+00    0.000E+00    0.000E+00    0.000E+00    0.000E+00    0.000E+00    0.000E+00    0.000E+00    0.000E+00    0.000E+00    0.000E+00    0.000E+00    0.000E+00    0.000E+00    0.000E+00    0.000E+00    0.000E+00    0.000E+00 
  No.     2    0.000E+00    0.474E-01    0.000E+00    0.269E-02    0.000E+00    0.000E+00    0.000E+00    0.000E+00    0.190E-02    0.000E+00    0.223E-01    0.000E+00    0.000E+00    0.000E+00    0.000E+00    0.000E+00    0.000E+00    0.000E+00    0.000E+00    0.000E+00    0.000E+00    0.000E+00    0.000E+00 
  No.     3    0.000E+00    0.000E+00    0.388E+00    0.000E+00    0.000E+00    0.356E-01    0.267E-02    0.172E-01    0.111E-02    0.778E-02    0.000E+00    0.000E+00    0.000E+00    0.000E+00    0.000E+00    0.192E-02    0.000E+00    0.000E+00    0.000E+00    0.000E+00    0.000E+00    0.000E+00    0.000E+00 
  No.     4    0.000E+00    0.269E-02    0.000E+00    0.840E-01    0.000E+00    0.000E+00    0.000E+00    0.000E+00    0.373E-02    0.000E+00    0.813E-02    0.000E+00    0.000E+00    0.000E+00    0.000E+00    0.000E+00    0.000E+00    0.000E+00    0.000E+00    0.000E+00    0.000E+00    0.000E+00    0.000E+00 
  No.     5    0.000E+00    0.000E+00    0.000E+00    0.000E+00    0.136E+01    0.000E+00    0.166E-01    0.000E+00    0.000E+00    0.854E-02    0.000E+00    0.000E+00    0.356E-04    0.000E+00    0.256E-01    0.000E+00    0.000E+00    0.641E-02    0.000E+00    0.000E+00    0.000E+00    0.000E+00    0.000E+00 
  No.     6    0.000E+00    0.000E+00    0.356E-01    0.000E+00    0.000E+00    0.527E+00    0.813E-02    0.216E-02    0.347E-03    0.990E-02    0.000E+00    0.000E+00    0.000E+00    0.000E+00    0.000E+00    0.107E+00    0.000E+00    0.000E+00    0.000E+00    0.000E+00    0.000E+00    0.000E+00    0.000E+00 
  No.     7    0.000E+00    0.000E+00    0.326E-02    0.000E+00    0.140E-01    0.994E-02    0.102E+01    0.124E-01    0.000E+00    0.213E-01    0.000E+00    0.000E+00    0.103E-01    0.000E+00    0.000E+00    0.123E-01    0.000E+00    0.196E-01    0.000E+00    0.000E+00    0.000E+00    0.000E+00    0.000E+00 
  No.     8    0.000E+00    0.000E+00    0.172E-01    0.000E+00    0.000E+00    0.216E-02    0.102E-01    0.366E+00    0.278E-01    0.262E-02    0.000E+00    0.000E+00    0.000E+00    0.000E+00    0.000E+00    0.252E-01    0.000E+00    0.000E+00    0.000E+00    0.000E+00    0.000E+00    0.000E+00    0.000E+00 
  No.     9    0.000E+00    0.266E-02    0.864E-03    0.522E-02    0.000E+00    0.270E-03    0.000E+00    0.216E-01    0.209E+00    0.000E+00    0.589E-02    0.000E+00    0.000E+00    0.000E+00    0.000E+00    0.325E-02    0.000E+00    0.000E+00    0.000E+00    0.000E+00    0.000E+00    0.000E+00    0.000E+00 
  No.    10    0.000E+00    0.000E+00    0.951E-02    0.000E+00    0.723E-02    0.121E-01    0.213E-01    0.320E-02    0.000E+00    0.564E+00    0.000E+00    0.000E+00    0.198E-01    0.000E+00    0.000E+00    0.637E-03    0.000E+00    0.410E-03    0.000E+00    0.000E+00    0.000E+00    0.000E+00    0.000E+00 
  No.    11    0.000E+00    0.223E-01    0.000E+00    0.813E-02    0.000E+00    0.000E+00    0.000E+00    0.000E+00    0.421E-02    0.000E+00    0.107E+00    0.000E+00    0.000E+00    0.000E+00    0.000E+00    0.000E+00    0.000E+00    0.000E+00    0.000E+00    0.000E+00    0.000E+00    0.000E+00    0.000E+00 
  No.    12    0.000E+00    0.000E+00    0.000E+00    0.000E+00    0.000E+00    0.000E+00    0.000E+00    0.000E+00    0.000E+00    0.000E+00    0.000E+00    0.192E+01    0.000E+00    0.000E+00    0.240E-01    0.000E+00    0.000E+00    0.000E+00    0.000E+00    0.000E+00    0.000E+00    0.000E+00    0.000E+00 
  No.    13    0.000E+00    0.000E+00    0.000E+00    0.000E+00    0.356E-04    0.000E+00    0.122E-01    0.000E+00    0.000E+00    0.235E-01    0.000E+00    0.000E+00    0.792E+00    0.000E+00    0.352E-01    0.000E+00    0.000E+00    0.923E-01    0.000E+00    0.000E+00    0.000E+00    0.000E+00    0.000E+00 
  No.    14    0.000E+00    0.000E+00    0.000E+00    0.000E+00    0.000E+00    0.000E+00    0.000E+00    0.000E+00    0.000E+00    0.000E+00    0.000E+00    0.000E+00    0.000E+00    0.000E+00    0.000E+00    0.000E+00    0.000E+00    0.000E+00    0.000E+00    0.000E+00    0.000E+00    0.000E+00    0.000E+00 
  No.    15    0.000E+00    0.000E+00    0.000E+00    0.000E+00    0.296E-01    0.000E+00    0.000E+00    0.000E+00    0.000E+00    0.000E+00    0.000E+00    0.212E-01    0.407E-01    0.000E+00    0.136E+01    0.000E+00    0.000E+00    0.683E-02    0.000E+00    0.000E+00    0.000E+00    0.000E+00    0.000E+00 
  No.    16    0.000E+00    0.000E+00    0.192E-02    0.000E+00    0.000E+00    0.107E+00    0.101E-01    0.252E-01    0.418E-02    0.521E-03    0.000E+00    0.000E+00    0.000E+00    0.000E+00    0.000E+00    0.389E+00    0.000E+00    0.000E+00    0.000E+00    0.000E+00    0.000E+00    0.000E+00    0.000E+00 
  No.    17    0.000E+00    0.000E+00    0.000E+00    0.000E+00    0.000E+00    0.000E+00    0.000E+00    0.000E+00    0.000E+00    0.000E+00    0.000E+00    0.000E+00    0.000E+00    0.000E+00    0.000E+00    0.000E+00    0.745E-02    0.000E+00    0.000E+00    0.307E-02    0.000E+00    0.129E-04    0.568E-04 
  No.    18    0.000E+00    0.000E+00    0.000E+00    0.000E+00    0.641E-02    0.000E+00    0.232E-01    0.000E+00    0.000E+00    0.484E-03    0.000E+00    0.000E+00    0.923E-01    0.000E+00    0.592E-02    0.000E+00    0.000E+00    0.817E+00    0.000E+00    0.000E+00    0.000E+00    0.000E+00    0.000E+00 
  No.    19    0.000E+00    0.000E+00    0.000E+00    0.000E+00    0.000E+00    0.000E+00    0.000E+00    0.000E+00    0.000E+00    0.000E+00    0.000E+00    0.000E+00    0.000E+00    0.000E+00    0.000E+00    0.000E+00    0.000E+00    0.000E+00    0.713E-01    0.325E-02    0.000E+00    0.000E+00    0.000E+00 
  No.    20    0.000E+00    0.000E+00    0.000E+00    0.000E+00    0.000E+00    0.000E+00    0.000E+00    0.000E+00    0.000E+00    0.000E+00    0.000E+00    0.000E+00    0.000E+00    0.000E+00    0.000E+00    0.000E+00    0.395E-02    0.000E+00    0.266E-02    0.331E-01    0.000E+00    0.163E-02    0.000E+00 
  No.    21    0.000E+00    0.000E+00    0.000E+00    0.000E+00    0.000E+00    0.000E+00    0.000E+00    0.000E+00    0.000E+00    0.000E+00    0.000E+00    0.000E+00    0.000E+00    0.000E+00    0.000E+00    0.000E+00    0.000E+00    0.000E+00    0.000E+00    0.000E+00    0.517E-02    0.000E+00    0.129E-01 
  No.    22    0.000E+00    0.000E+00    0.000E+00    0.000E+00    0.000E+00    0.000E+00    0.000E+00    0.000E+00    0.000E+00    0.000E+00    0.000E+00    0.000E+00    0.000E+00    0.000E+00    0.000E+00    0.000E+00    0.129E-04    0.000E+00    0.000E+00    0.127E-02    0.000E+00    0.228E-01    0.161E-01 
  No.    23    0.000E+00    0.000E+00    0.000E+00    0.000E+00    0.000E+00    0.000E+00    0.000E+00    0.000E+00    0.000E+00    0.000E+00    0.000E+00    0.000E+00    0.000E+00    0.000E+00    0.000E+00    0.000E+00    0.406E-04    0.000E+00    0.000E+00    0.000E+00    0.215E-01    0.115E-01    0.469E-02 
-------------------------------------------------------
Occupation numbers of single particle levels:
             Ex      n 1      n 2      n 3      n 4      n 5      p 1      p 2      p 3      p 4      p 5      p 6 
   0.000000E+00 0.000000 0.000000 0.000000 0.000000 0.000000 0.001304 0.025504 3.549411 0.041158 0.305048 0.077575 
   0.565155E+00 0.000000 0.000000 0.000000 0.000000 0.000000 0.000433 0.076019 2.989684 0.120388 0.716000 0.097476 
   0.802862E+00 0.000000 0.000000 0.000000 0.000000 0.000000 0.000484 0.043372 3.458147 0.064216 0.365015 0.068765 
   0.965908E+00 0.000000 0.000000 0.000000 0.000000 0.000000 0.000309 0.054981 3.406740 0.090929 0.364900 0.082141 
   0.117697E+01 0.000000 0.000000 0.000000 0.000000 0.000000 0.000426 0.018980 3.730653 0.030828 0.181135 0.037976 
   0.120317E+01 0.000000 0.000000 0.000000 0.000000 0.000000 0.000011 0.042337 3.554236 0.065187 0.290143 0.048086 
   0.132524E+01 0.000000 0.000000 0.000000 0.000000 0.000000 0.000000 0.045858 3.525682 0.076880 0.293103 0.058477 
   0.149308E+01 0.000000 0.000000 0.000000 0.000000 0.000000 0.000069 0.083175 2.845272 0.123825 0.862285 0.085374 
   0.176072E+01 0.000000 0.000000 0.000000 0.000000 0.000000 0.000000 0.101870 2.698316 0.148334 0.863614 0.187866 
   0.178030E+01 0.000000 0.000000 0.000000 0.000000 0.000000 0.000000 0.125512 2.675904 0.187419 0.871295 0.139870 
   0.183360E+01 0.000000 0.000000 0.000000 0.000000 0.000000 0.002351 0.139189 2.957097 0.223328 0.460047 0.217988 
   0.199173E+01 0.000000 0.000000 0.000000 0.000000 0.000000 0.000000 0.084625 3.501874 0.128188 0.189802 0.095512 
   0.206209E+01 0.000000 0.000000 0.000000 0.000000 0.000000 0.000511 0.077829 2.815752 0.110954 0.871201 0.123753 
   0.212568E+01 0.000000 0.000000 0.000000 0.000000 0.000000 0.003243 0.167598 2.564538 0.270798 0.710740 0.283083 
   0.220471E+01 0.000000 0.000000 0.000000 0.000000 0.000000 0.000000 0.129490 2.658532 0.208016 0.854940 0.149022 
   0.262678E+01 0.000000 0.000000 0.000000 0.000000 0.000000 0.004586 0.275714 2.298046 0.393510 0.609634 0.418510 
   0.332760E+01 0.000000 0.000000 0.000000 0.000000 0.000000 1.001231 0.000336 2.806801 0.000549 0.134647 0.056437 
   0.344513E+01 0.000000 0.000000 0.000000 0.000000 0.000000 0.006984 0.262896 2.090728 0.385524 0.679503 0.574364 
   0.349686E+01 0.000000 0.000000 0.000000 0.000000 0.000000 1.000000 0.038826 2.558992 0.063021 0.294739 0.044421 
   0.378277E+01 0.000000 0.000000 0.000000 0.000000 0.000000 1.000000 0.045715 2.479643 0.074905 0.346697 0.053041 
   0.383579E+01 0.000000 0.000000 0.000000 0.000000 0.000000 1.000000 0.050216 2.621179 0.078905 0.192755 0.056946 
   0.393994E+01 0.000000 0.000000 0.000000 0.000000 0.000000 1.000166 0.061123 2.317654 0.097879 0.445534 0.077645 
   0.410730E+01 0.000000 0.000000 0.000000 0.000000 0.000000 1.000000 0.053106 2.499987 0.083465 0.303020 0.060423 
