Single particle levels of first like-nucleon system:
Radial number:    0   0   1   1   2 
Orbital number:  10   8   4   4   0 
Spin number:     11   7   5   3   1 
-------------------------------------------------------
No. 1structure coefficient matrix of first like-nucleon system:
  0.00000000  0.00000000  0.00000000  0.00000000  0.00000000 
  0.00000000  0.50000000  0.00000000  0.00000000  0.00000000 
  0.00000000  0.00000000  0.50000000  0.00000000  0.00000000 
  0.00000000  0.00000000  0.00000000  0.50000000  0.00000000 
  0.00000000  0.00000000  0.00000000  0.00000000  0.50000000 
-------------------------------------------------------
   1   1   1  0.50000000
   2   2   1  0.50000000
   3   3   1  0.50000000
   4   4   1  0.50000000
Single particle levels of second like-nucleon system:
Radial number:    0   0   1   1   2   2 
Orbital number:  12  10   6   6   2   2 
Spin number:     13   9   7   5   3   1 
-------------------------------------------------------
No. 1structure coefficient matrix of second like-nucleon system:
 -0.04722311  0.00000000  0.00000000  0.00000000  0.00000000  0.00000000 
  0.00000000  0.00000274  0.00000000  0.00000000  0.00000000  0.00000000 
  0.00000000  0.00000000 -0.84560797  0.00000000  0.00000000  0.00000000 
  0.00000000  0.00000000  0.00000000  0.00085680  0.00000000  0.00000000 
  0.00000000  0.00000000  0.00000000  0.00000000 -0.42526090  0.00000000 
  0.00000000  0.00000000  0.00000000  0.00000000  0.00000000 -0.31917012 
-------------------------------------------------------
No. 2structure coefficient matrix of second like-nucleon system:
  0.00000000  0.00000000  0.00000000  0.00000000  0.00000000  0.00000000 
  0.00000000 -0.20611432  0.05878463 -0.21443298  0.00000000  0.00000000 
  0.00000000 -0.05878463 -0.38839351 -0.10087639 -0.40821148  0.00000000 
  0.00000000 -0.21443298  0.10087639 -0.20950871  0.12484491 -0.21700512 
  0.00000000  0.00000000 -0.40821148 -0.12484491 -0.27818510 -0.23187496 
  0.00000000  0.00000000  0.00000000 -0.21700512  0.23187496  0.00000000 
-------------------------------------------------------
No. 3structure coefficient matrix of second like-nucleon system:
  0.00000000  0.00000000  0.00000000  0.00000000  0.00000000  0.00000000 
  0.00000000 -0.03190024  0.07719652 -0.06199776  0.08779448 -0.12273743 
  0.00000000 -0.07719652 -0.56247858 -0.13811405 -0.42235584 -0.29540896 
  0.00000000 -0.06199776  0.13811405 -0.06923712  0.14697431  0.00000000 
  0.00000000 -0.08779448 -0.42235584 -0.14697431  0.00000000  0.00000000 
  0.00000000 -0.12273743  0.29540896  0.00000000  0.00000000  0.00000000 
-------------------------------------------------------
No. 4structure coefficient matrix of second like-nucleon system:
  0.00000000  0.00000000  0.00000000  0.00000000  0.00000000  0.00000000 
  0.00000000  0.02019415 -0.04594306  0.02804342 -0.05364430  0.00000000 
  0.00000000  0.04594306  0.98731306  0.08141036  0.00000000  0.00000000 
  0.00000000  0.02804342 -0.08141036  0.00000000  0.00000000  0.00000000 
  0.00000000  0.05364430  0.00000000  0.00000000  0.00000000  0.00000000 
  0.00000000  0.00000000  0.00000000  0.00000000  0.00000000  0.00000000 
-------------------------------------------------------
No. 5structure coefficient matrix of second like-nucleon system:
  0.00000000  0.00000000  0.70710678  0.00000000  0.00000000  0.00000000 
  0.00000000  0.00000000  0.00000000  0.00000000  0.00000000  0.00000000 
  0.70710678  0.00000000  0.00000000  0.00000000  0.00000000  0.00000000 
  0.00000000  0.00000000  0.00000000  0.00000000  0.00000000  0.00000000 
  0.00000000  0.00000000  0.00000000  0.00000000  0.00000000  0.00000000 
  0.00000000  0.00000000  0.00000000  0.00000000  0.00000000  0.00000000 
-------------------------------------------------------
   6   6   1 -0.04722311
   1   1   1  0.00000274
   2   2   1 -0.84560797
   3   3   1  0.00085680
   4   4   1 -0.42526090
   5   5   1 -0.31917012
   1   1   2 -0.20611432
   1   2   2  0.05878463
   1   3   2 -0.21443298
   2   1   2 -0.05878463
   2   2   2 -0.38839351
   2   3   2 -0.10087639
   2   4   2 -0.40821148
   3   1   2 -0.21443298
   3   2   2  0.10087639
   3   3   2 -0.20950871
   3   4   2  0.12484491
   3   5   2 -0.21700512
   4   2   2 -0.40821148
   4   3   2 -0.12484491
   4   4   2 -0.27818510
   4   5   2 -0.23187496
   5   3   2 -0.21700512
   5   4   2  0.23187496
   1   1   3 -0.03190024
   1   2   3  0.07719652
   1   3   3 -0.06199776
   1   4   3  0.08779448
   1   5   3 -0.12273743
   2   1   3 -0.07719652
   2   2   3 -0.56247858
   2   3   3 -0.13811405
   2   4   3 -0.42235584
   2   5   3 -0.29540896
   3   1   3 -0.06199776
   3   2   3  0.13811405
   3   3   3 -0.06923712
   3   4   3  0.14697431
   4   1   3 -0.08779448
   4   2   3 -0.42235584
   4   3   3 -0.14697431
   5   1   3 -0.12273743
   5   2   3  0.29540896
   1   1   4  0.02019415
   1   2   4 -0.04594306
   1   3   4  0.02804342
   1   4   4 -0.05364430
   2   1   4  0.04594306
   2   2   4  0.98731306
   2   3   4  0.08141036
   3   1   4  0.02804342
   3   2   4 -0.08141036
   4   1   4  0.05364430
   6   2   5  0.70710678
   2   6   5  0.70710678
Total dimension of the NPA space:         0
-------------------------------------------------------
Excitation Energy
-------------------------------------------------------
bas1 (with width of 3*(pnum+1)+1):
No.    1:   0  0  0  1 
-------------------------------------------------------
bas2 (with width of 3*(pnum+1)+1):
No.    1:   6  1  1  1  0  0  1  1  1 -1 
No.    2:   5  1  1  3  0  0  3  3  3 -1 
No.    3:   4  1  1  5  0  0  5  5  5 -1 
No.    4:   3  1  1  7  0  0  7  7  7 -1 
No.    5:   2  1  1  9  0  0  9  9  9 -1 
No.    6:   1  1  1 13  0  0 13 13 13  1 
-------------------------------------------------------
Eigenvalues and eigenstates
-------------------------------------------------------
E( 2) in eb:
-------------------------------------------------------
E( 4) in eb:
-------------------------------------------------------
E( 6) in eb:
-------------------------------------------------------
M1 in muN:
-------------------------------------------------------
g factor:
-------------------------------------------------------
BE( 2) in e^2b^2:
             No.
 
-------------------------------------------------------
BE( 4) in e^2b^2:
             No.
 
-------------------------------------------------------
BE( 6) in e^2b^2:
             No.
 
-------------------------------------------------------
BE( 2) in W.u.:
             No.
 
-------------------------------------------------------
BE( 4) in W.u.:
             No.
 
-------------------------------------------------------
BE( 6) in W.u.:
             No.
 
-------------------------------------------------------
BM(1) in muN :
             No.
 
-------------------------------------------------------
Occupation numbers of single particle levels:
             Ex      n 1      n 2      n 3      n 4      n 5      p 1      p 2      p 3      p 4      p 5      p 6 
