   6   6   1  0.00050580
   1   1   1 -0.12097115
   2   2   1 -0.97227000
   3   3   1 -0.09001702
   4   4   1 -0.16694546
   5   5   1 -0.06389772
   6   6   2 -0.08791280
   1   1   2 -0.09755427
   1   2   2  0.03706862
   1   3   2 -0.07465023
   2   1   2 -0.03706862
   2   2   2 -0.84234796
   2   3   2 -0.05433205
   2   4   2 -0.31941725
   3   1   2 -0.07465023
   3   2   2  0.05433205
   3   3   2 -0.06996576
   3   4   2  0.04577172
   3   5   2 -0.06829101
   4   2   2 -0.31941725
   4   3   2 -0.04577172
   4   4   2 -0.12563933
   4   5   2 -0.08704701
   5   3   2 -0.06829101
   5   4   2  0.08704701
   6   6   3  0.05227291
   1   1   3  0.00002837
   1   2   3  0.00862162
   1   3   3 -0.00054765
   1   4   3  0.00197188
   1   5   3 -0.00066449
   2   1   3 -0.00862162
   2   2   3 -0.99220005
   2   3   3  0.00584994
   2   4   3 -0.07911438
   2   5   3 -0.00100184
   3   1   3 -0.00054765
   3   2   3 -0.00584994
   3   3   3  0.00034571
   3   4   3  0.00547466
   4   1   3 -0.00197188
   4   2   3 -0.07911438
   4   3   3 -0.00547466
   5   1   3 -0.00066449
   5   2   3  0.00100184
   6   6   4  0.02120164
   1   1   4  0.00042837
   1   2   4 -0.00017280
   1   3   4 -0.00035862
   1   4   4  0.00359083
   2   1   4  0.00017280
   2   2   4 -0.99968871
   2   3   4 -0.00856414
   3   1   4 -0.00035862
   3   2   4  0.00856414
   4   1   4 -0.00359083
   6   6   5  0.02924173
   1   1   5 -0.01006993
   1   2   5  0.70676853
   2   1   5 -0.70676853
   6   2   6  0.70710678
   2   6   6  0.70710678