   5   5   1  0.05896072
   1   1   1 -0.58071330
   2   2   1 -0.80705351
   3   3   1 -0.07110674
   4   4   1 -0.05389029
   5   5   2 -0.05755669
   1   1   2 -0.74190326
   1   2   2  0.17431697
   1   3   2 -0.12735233
   2   1   2 -0.17431697
   2   2   2 -0.55338385
   2   3   2 -0.06637801
   2   4   2 -0.12128454
   3   1   2 -0.12735233
   3   2   2  0.06637801
   3   3   2 -0.05691439
   3   4   2  0.05172931
   4   2   2 -0.12128454
   4   3   2 -0.05172931
   5   5   3 -0.02719422
   1   1   3 -0.88731398
   1   2   3 -0.31507662
   1   3   3 -0.03229290
   1   4   3 -0.01373620
   2   1   3  0.31507662
   2   2   3  0.10449527
   2   3   3 -0.00166213
   3   1   3 -0.03229290
   3   2   3  0.00166213
   4   1   3  0.01373620
   5   5   4  0.01290954
   1   1   4 -0.37223447
   1   2   4  0.65622970
   2   1   4 -0.65622970
   5   2   5  0.70710678
   2   5   5  0.70710678