   6   6   1  0.02406837
   1   1   1  0.00000699
   2   2   1 -0.96094480
   3   3   1  0.00218710
   4   4   1 -0.23104915
   5   5   1 -0.15039055
   1   1   2 -0.09207283
   1   2   2  0.04392842
   1   3   2 -0.09161067
   2   1   2 -0.04392842
   2   2   2 -0.82016341
   2   3   2 -0.05114511
   2   4   2 -0.33321755
   3   1   2 -0.09161067
   3   2   2  0.05114511
   3   3   2 -0.07357024
   3   4   2  0.06022582
   3   5   2 -0.10085876
   4   2   2 -0.33321755
   4   3   2 -0.06022582
   4   4   2 -0.12518729
   4   5   2 -0.10542037
   5   3   2 -0.10085876
   5   4   2  0.10542037
   1   1   3 -0.00602714
   1   2   3  0.05294700
   1   3   3 -0.01338375
   1   4   3  0.03322848
   1   5   3 -0.04373607
   2   1   3 -0.05294700
   2   2   3 -0.93241637
   2   3   3 -0.05846743
   2   4   3 -0.20881364
   2   5   3 -0.10150475
   3   1   3 -0.01338375
   3   2   3  0.05846743
   3   3   3 -0.02399165
   3   4   3  0.04086092
   4   1   3 -0.03322848
   4   2   3 -0.20881364
   4   3   3 -0.04086092
   5   1   3 -0.04373607
   5   2   3  0.10150475
   1   1   4  0.00618847
   1   2   4 -0.00568315
   1   3   4  0.00785818
   1   4   4 -0.01232038
   2   1   4  0.00568315
   2   2   4  0.99962709
   2   3   4  0.01038514
   3   1   4  0.00785818
   3   2   4 -0.01038514
   4   1   4  0.01232038
   6   2   5  0.70710678
   2   6   5  0.70710678