    1    1    1  0.10000000
    1    1    2  0.10000000
    1    2    3  0.10000000
    2    1    3  0.10000000
    1    2    4  0.10000000
    2    1    4 -0.10000000
    1    2    5  0.10000000
    2    1    5  0.10000000
    1    2    6  0.10000000
    2    1    6 -0.10000000
    1    3    7  0.10000000
    3    1    7  0.10000000
    1    3    8  0.10000000
    3    1    8 -0.10000000
    2    2    9  0.10000000
    2    2   10  0.10000000
    2    2   11  0.10000000
    2    3   12  0.10000000
    3    2   12  0.10000000
    2    3   13  0.10000000
    3    2   13 -0.10000000
    3    3   14  0.10000000