J= 1
Eigenvalues:
Eigenvalue 1: -3.89925
Eigenvalue 2: -1.66499
Eigenvectors:
Eigenvector 1: [ 0.0439413 0.763694 0.0658148 0.00846477 0.134869 -0.0401372 0.0413293 0.618499 -0.0119924 -0.0155255 0.0273191 -0.072502 ]
Eigenvector 2: [ -0.0380335 -0.089696 0.980457 -0.00189628 -0.0269229 0.164066 0.00550663 0.0263687 -0.00213143 -0.0197493 0.0111762 0.0179156 ]
J= 3
Eigenvalues:
Eigenvalue 1: -3.91876
Eigenvalue 2: -3.03307
Eigenvectors:
Eigenvector 1: [ -0.00658197 0.00773215 -0.00486501 -0.00405416 -0.00228163 0.0402464 0.753666 0.0605212 0.00808274 0.124862 -0.0359312 0.0743 0.627403 -0.0205041 -0.0300641 0.0483819 0.0249355 -0.0102058 0.00053924 0.00153438 0.0570206 0.0530044 ]
Eigenvector 2: [ -0.286285 -0.0473036 0.952232 0.040367 0.0813353 -0.00878011 0.00479382 0.0034705 -0.00914336 -0.01967 -0.00367895 -0.0058502 0.00403039 0.00159378 -0.000279281 -0.00520993 0.00107688 -0.00151282 -0.00038118 -3.46201e-06 -0.00128627 0.0114148 ]
J= 5
Eigenvalues:
Eigenvalue 1: -3.96538
Eigenvalue 2: -3.9195
Eigenvectors:
Eigenvector 1: [ 0.0106252 -0.0303 0.00966763 0.339452 -0.0181262 0.141708 0.149226 0.0897244 -0.0163405 -0.0854079 -0.0200349 0.00501641 -0.0214308 0.018731 -0.0849437 -0.760297 0.138105 0.027293 -0.0425198 -0.0351361 0.0174999 0.0780526 0.000722372 0.252613 -0.0282758 -0.00689726 0.0864544 0.00276529 -0.367517 -0.0488259 ]
Eigenvector 2: [ -0.00814178 0.0327862 -0.0133583 -0.319437 0.00695975 -0.127648 -0.125024 -0.080265 -0.0300301 -0.557427 -0.0637646 -0.0156296 -0.0629868 0.0127418 -0.066163 -0.458485 -0.0432717 0.0309797 -0.0459407 -0.0424828 0.0161218 -0.0380406 -0.00218247 -0.297047 0.0702624 -0.00775128 -0.0340163 0.123875 0.442711 0.0968651 ]
J= 7
Eigenvalues:
Eigenvalue 1: -4.01049
Eigenvalue 2: -3.87434
Eigenvectors:
Eigenvector 1: [ 0.0016853 -0.0245099 -0.000422583 0.306458 -0.0146835 0.148853 0.173093 0.11203 -0.00847984 -0.0897036 -0.00690029 0.0188994 -0.0146839 0.00482045 -0.109255 -0.835134 0.114098 0.0341107 -0.0510863 -0.0637459 0.0251614 0.0102999 0.00520569 -0.170972 0.0391731 -0.0214036 0.0159554 -0.00529122 0.00213785 0.263105 -0.000667042 0.00944967 ]
Eigenvector 2: [ 0.00245481 0.0501983 -0.00964893 -0.341741 0.00490237 -0.161376 -0.171553 -0.137947 -0.0213031 -0.413512 -0.0700913 -0.0196949 -0.0386791 0.00841864 -0.0609153 -0.386896 -0.0116661 0.0277425 -0.0526033 -0.0576851 0.0280241 0.0532354 -0.00565629 0.316383 -0.0810492 -0.0168095 0.0424265 -0.196821 0.00228337 -0.549433 -0.119189 -0.0112658 ]
J= 9
Eigenvalues:
Eigenvalue 1: -4.37735
Eigenvalue 2: -4.02805
Eigenvectors:
Eigenvector 1: [ 0.235671 0.0153068 0.0841594 0.062706 0.0429667 -0.0595324 -0.341133 0.0306351 -0.0331324 -0.0142264 0.0241459 0.0127033 0.33645 0.0022939 -0.00689999 0.0573476 0.0286328 -0.0117221 -0.0100063 0.0018208 -0.062741 -0.286232 0.00545141 0.0163369 -0.136351 0.328946 -0.00115586 0.559525 -0.154407 -0.11204 0.086493 -0.347794 ]
Eigenvector 2: [ -0.230138 0.0148383 -0.0835203 -0.0935487 -0.052449 0.00577507 0.0485445 -0.00720462 -0.0260799 0.00908432 -0.0144409 0.11429 0.870441 -0.115937 -0.0292289 0.0434662 0.0801379 -0.0242936 0.0370709 -0.0112638 -0.0755278 0.147202 0.0365829 -0.0119628 -0.0456528 -0.0547472 -0.00409795 -0.1675 0.23828 -0.0222636 -0.00997916 0.100576 ]
J= 11
Eigenvalues:
Eigenvalue 1: -4.50736
Eigenvalue 2: -3.95478
Eigenvectors:
Eigenvector 1: [ 0.0993589 0.601103 -0.0306597 0.0445389 0.0505015 -0.0400727 -0.00806264 -0.556964 0.0153585 0.0234738 -0.0573138 -0.0708958 0.0295566 0.0681191 -0.00310665 0.0558754 -0.195277 -0.0224464 0.0185737 -0.140114 0.0515445 0.00309854 0.334554 -0.29488 -0.0374572 0.0427469 -0.17411 ]
Eigenvector 2: [ -0.0204854 -0.134906 0.0188166 0.0164446 0.0057497 0.0294516 -0.104958 -0.713615 0.126734 0.00703851 -0.0207664 -0.0493582 -0.00405833 -0.141635 0.0240292 -0.131883 0.216564 -0.0294906 0.00164 0.0226293 0.121368 0.0033569 -0.301894 0.480578 -0.0125111 -0.0508928 0.121246 ]
J= 13
Eigenvalues:
Eigenvalue 1: -6.14617
Eigenvalue 2: -4.69368
Eigenvectors:
Eigenvector 1: [ 0.0381413 0.617474 -0.0423483 -0.0465677 0.0285679 0.0109336 -0.00504516 -0.0327157 0.00501959 -0.228178 0.0605767 0.00190397 0.103113 0.282682 0.00394787 -0.000430491 0.67722 -0.00866273 -0.0654852 -0.0104205 0.0228984 -0.033998 0.0133675 ]
Eigenvector 2: [ 0.0367677 -0.625897 0.0305092 0.0265677 -0.057678 -0.105277 0.0500034 0.136403 -0.0154007 -0.25799 0.118685 -0.01105 -0.0350855 0.152138 -0.149401 -0.00236534 0.444155 -0.327361 0.319215 -0.0408181 0.104629 -0.0949197 0.118661 ]
J= 15
Eigenvalues:
Eigenvalue 1: -4.25286
Eigenvalue 2: -3.86548
Eigenvectors:
Eigenvector 1: [ 0.196215 -0.0898004 -0.314414 0.0238965 0.344076 -0.027117 0.202668 -0.0995477 -0.45481 0.0118841 -0.568926 -0.0117697 0.0940786 0.294362 -0.181176 0.157379 ]
Eigenvector 2: [ 0.0497728 0.0239418 0.259215 -0.0337396 0.0599218 0.035135 -0.312367 0.150411 -0.0982109 -0.00608184 -0.119017 -0.879146 0.0165365 -0.0143941 -0.0795306 -0.00684126 ]
J= 17
Eigenvalues:
Eigenvalue 1: -4.21034
Eigenvalue 2: -3.84889
Eigenvectors:
Eigenvector 1: [ 0.598972 0.0502246 -0.453597 -0.443504 -0.0119079 -0.399509 0.0702779 -0.0380384 0.187203 0.070808 -0.113562 0.13105 ]
Eigenvector 2: [ 0.0994242 -0.0402379 0.265742 -0.117977 0.0190852 -0.169921 -0.929165 0.0230269 0.0686284 0.0345341 -0.0230154 -0.0664137 ]
J= 19
Eigenvalues:
Eigenvalue 1: -3.81904
Eigenvalue 2: -2.99171
Eigenvectors:
Eigenvector 1: [ 0.0171992 0.0165379 0.997057 -0.0122146 -0.0352785 -0.0395372 0.0484958 ]
Eigenvector 2: [ -0.645001 0.0915944 0.0370586 0.127942 -0.393563 0.383 -0.506222 ]
J= 21
Eigenvalues:
Eigenvalue 1: -3.81887
Eigenvalue 2: -2.97931
Eigenvectors:
Eigenvector 1: [ 0.995214 0.0596725 -0.0585875 -0.0360165 0.0354722 ]
Eigenvector 2: [ 0.06991 -0.606571 0.595542 -0.38701 -0.350339 ]
J= 23
Eigenvalues:
Eigenvalue 1: -1.92179
Eigenvalue 2: -1.31867
Eigenvectors:
Eigenvector 1: [ 0.792162 -0.610311 ]
Eigenvector 2: [ 0.610311 0.792162 ]
J= 25
Eigenvalues:
Eigenvalue 1: -1.31867
Eigenvectors:
Eigenvector 1: [ -1 ]
J= -1
Eigenvalues:
Eigenvalue 1: -8.47738
Eigenvalue 2: -7.14937
Eigenvectors:
Eigenvector 1: [ -0.960454 -0.0485674 0.00360673 0.158236 0.0188672 -0.0021276 -0.0281914 0.0427042 -0.00501579 0.00361225 0.0689036 0.0169877 -0.0100012 0.174585 -0.00555046 -0.104922 0.0211137 ]
Eigenvector 2: [ 0.171668 -0.446381 0.032397 0.642906 0.124132 0.0607528 -0.197077 -0.112212 0.0831007 -0.206876 -0.084022 -0.0224015 -0.343565 0.311647 -0.00607963 0.10531 -0.0530474 ]
J= -3
Eigenvalues:
Eigenvalue 1: -8.75617
Eigenvalue 2: -8.68192
Eigenvectors:
Eigenvector 1: [ 0.0280713 0.154097 0.00915492 -0.375348 -0.043506 0.720261 -0.030718 -0.106734 -0.12837 -0.0887409 -0.069849 -0.207332 -0.320784 -0.0772954 -0.0730225 0.0560609 0.0510926 0.0121641 -0.105723 -0.0572994 0.167771 0.146269 0.0119538 0.0109797 0.12158 0.039789 -0.127382 -0.0169706 -0.00196533 -0.0502136 0.0974279 ]
Eigenvector 2: [ 0.00646645 0.209313 0.00548231 0.499232 0.0163104 0.58327 0.225243 0.0725969 0.137862 0.07097 0.147868 0.18088 0.274283 0.0523455 0.0522779 -0.013344 -0.0195779 0.0281193 -0.075453 0.10347 -0.2506 0.0275363 -0.0208678 -0.0828724 -0.192729 0.0637455 0.130134 0.00220068 0.00058538 -0.00538079 -0.0654893 ]
J= -5
Eigenvalues:
Eigenvalue 1: -9.19086
Eigenvalue 2: -7.1169
Eigenvectors:
Eigenvector 1: [ 0.0567475 -0.0464033 -0.0108187 0.465448 0.553621 0.0386911 0.036781 0.173892 -0.0849297 0.197016 0.235797 0.185429 0.0829346 0.0185009 0.0122162 0.169649 -0.319708 -0.112067 0.0849785 0.00599633 -0.0315819 0.0231816 -0.0151987 0.0038271 -0.0303128 0.0705917 -0.0968764 -0.165645 -0.16332 0.0822228 0.130881 0.137597 -0.127683 -0.0279943 -0.0486587 -0.0549808 -0.00168545 0.0236921 0.081005 -0.0033283 -0.0217732 ]
Eigenvector 2: [ -0.129523 -0.0306879 0.137707 0.0891156 0.032393 0.257382 0.0377055 -0.0828456 -0.0706217 0.0253598 0.00546176 -0.031885 0.0333348 0.0168003 0.0301743 0.042925 0.033861 0.900404 0.133074 -0.0628109 -0.0271411 -0.0368579 -0.0435819 -0.0206715 -0.0361021 0.0336656 -0.0864119 -0.0213483 -0.07145 0.0324557 0.0186212 -0.0454304 -0.00883691 0.0202667 0.0179055 -0.086319 5.05404e-05 0.00638095 0.0313345 -6.53093e-05 -0.0530252 ]
J= -7
Eigenvalues:
Eigenvalue 1: -10.0558
Eigenvalue 2: -6.84619
Eigenvectors:
Eigenvector 1: [ -0.00527473 -0.0323264 -0.00306015 0.238477 -0.473104 -0.0208225 -0.00563401 0.0700764 -0.217785 0.00447972 -0.316846 0.0816572 -0.192013 -0.0429027 -0.0401756 -0.370038 -0.190189 0.0634431 0.0615739 -0.00710166 0.0367838 0.0578072 -0.00203749 0.00806904 0.0540977 0.0261357 -0.438848 -0.0178485 0.291344 0.0254264 -0.0227161 -0.117611 0.0232205 -0.0370965 -0.00685873 0.076324 0.122329 -0.0554811 -0.000160004 0.0869295 -0.0343948 -0.00117538 -0.0359674 -0.00407205 -0.00228816 ]
Eigenvector 2: [ 0.0093721 0.47688 -0.106798 -0.530354 0.0552774 -0.0245785 -0.0484318 0.418397 -0.163846 0.116949 -0.248066 0.0471097 -0.00750639 0.0183084 -0.105807 -0.016874 -0.224834 -0.0045217 0.00964334 -0.00489467 -0.0202692 -0.0859207 0.185733 0.0380261 0.00476449 -0.00149095 -0.0351682 0.101983 -0.190729 0.0369598 0.0475724 -0.0277017 -0.0292161 0.109028 0.0553521 -0.0421118 0.130174 -0.0317975 -2.18496e-05 0.00244716 0.0124001 -0.000546721 0.00082833 -0.00691099 -0.00129597 ]
J= -9
Eigenvalues:
Eigenvalue 1: -8.25604
Eigenvalue 2: -7.18909
Eigenvectors:
Eigenvector 1: [ 0.0105933 0.0465005 0.0124148 0.634423 0.000136901 0.0562011 0.188008 0.103018 -0.153951 -0.0635863 -0.129631 0.0683111 -0.0669893 0.00640667 -0.0120957 0.0477501 -0.042735 0.00519115 0.0309378 -0.021918 0.167268 0.0290027 -0.0303808 0.376596 0.0449452 -0.0629452 0.0171987 0.0198635 0.0304184 0.541299 -0.0363334 -0.0456731 -0.0280954 0.0339282 -0.00484028 0.0139914 -0.000268764 0.00755193 -0.089945 -0.000797555 -0.0244751 0.000139742 -0.00183147 -0.0036232 ]
Eigenvector 2: [ 0.0344822 0.0198875 -0.0284788 0.534951 -0.0404685 0.108835 0.0563122 0.0790382 0.186741 -0.0911235 0.00100339 0.0970548 -0.0481805 -0.0357861 0.00228808 0.0554357 -0.0308871 0.00678152 0.032315 -0.0376252 -0.306759 0.13797 -0.0379102 0.078214 0.0408448 -0.0227994 0.0410483 -0.0140256 0.0667806 -0.648639 0.219034 0.0436359 -0.0469019 0.0761748 0.0103751 0.0104373 -0.000161382 0.0499569 -0.0897491 -0.000176465 -0.0847969 3.40197e-05 -0.000421195 -0.000828522 ]
J= -11
Eigenvalues:
Eigenvalue 1: -8.22404
Eigenvalue 2: -6.2501
Eigenvectors:
Eigenvector 1: [ 0.671409 0.00399716 0.190615 0.298143 0.123725 0.0454034 -0.501016 -0.0777301 0.0365286 0.0855004 0.0256204 -0.0429491 0.0149032 -0.134841 0.0552546 -0.0485451 -0.0702389 0.0382659 -0.022106 -0.0646271 -0.0512933 -0.130271 -0.164368 0.0221742 0.131565 0.0767346 0.00454436 0.0226704 -4.6108e-05 0.0113095 0.179225 -4.1694e-05 -0.0206649 1.37271e-05 -0.000127862 -0.000332821 -0.000927176 ]
Eigenvector 2: [ 0.303457 0.0142715 -0.916433 -0.0573653 -0.120344 0.0495296 0.0201893 0.0149674 0.00937051 0.0461296 0.000991784 0.044293 -0.0726342 -0.0252549 -0.0400385 -0.0933376 -0.0147618 -0.000824998 0.00119056 0.0573715 0.044048 -0.0354343 -0.0182425 0.00845738 0.0476739 0.0494021 -0.112557 -0.000100666 1.64338e-05 -0.0154497 -0.0420366 -4.30434e-05 -0.00971394 1.62342e-05 -0.000127615 -0.000315503 -0.000887737 ]
J= -13
Eigenvalues:
Eigenvalue 1: -6.11511
Eigenvalue 2: -5.66566
Eigenvectors:
Eigenvector 1: [ 0.0609139 -0.582742 -0.0308462 0.0425462 0.199105 -0.22514 -0.147554 0.613575 0.0370805 -0.0125205 0.190664 -0.168894 -0.258542 0.026103 0.127404 0.0323896 0.0328928 -0.00823037 0.0156854 -4.93622e-17 0.0204041 0.000910928 -0.0954529 -1.53358e-16 0.0567686 1.96728e-16 -5.48516e-18 6.3536e-17 -7.05669e-17 ]
Eigenvector 2: [ 0.484736 0.0500401 -0.0132737 0.0412815 -0.0996684 0.1849 -0.47486 -0.346835 0.0442855 0.0387892 0.0721853 -0.414098 -0.361013 0.029536 0.113278 0.0421077 -0.11229 0.0169092 0.00409399 -1.23929e-16 0.086549 -0.109085 -0.0306337 -1.97796e-16 0.107412 5.53325e-17 1.77025e-16 -2.9458e-16 1.63891e-16 ]
J= -15
Eigenvalues:
Eigenvalue 1: -7.54405
Eigenvalue 2: -5.14833
Eigenvectors:
Eigenvector 1: [ 0.0344891 0.851965 -0.0463091 -0.027777 0.0651066 -0.385829 0.0573 0.235525 -0.0216326 -2.04862e-16 0.00775452 -0.0374077 -0.0485804 0.208259 -2.02619e-17 -0.10263 -1.33462e-16 1.31107e-16 -3.78485e-17 -1.85363e-16 ]
Eigenvector 2: [ -0.0602157 -0.404112 0.324564 0.0410485 -0.0597872 -0.814988 0.186204 0.0646588 0.0320638 1.09451e-16 -0.00334314 0.0326475 -0.0806401 0.0913177 -1.97816e-18 -0.0496048 -1.35384e-16 -3.20304e-16 -1.03617e-16 1.21809e-16 ]
J= -17
Eigenvalues:
Eigenvalue 1: -5.06683
Eigenvalue 2: -4.35875
Eigenvectors:
Eigenvector 1: [ 0.961699 -0.169411 0.0354432 -0.0349258 0.0101831 -0.157444 2.24424e-16 -0.13225 -0.0397158 -1.24591e-16 1.81756e-16 -5.98238e-17 -1.12252e-16 ]
Eigenvector 2: [ -0.192212 -0.334509 0.158455 -0.0581075 0.547351 -0.282532 1.2002e-16 -0.365875 -0.55623 -7.96348e-17 1.30529e-17 3.06738e-17 4.14392e-16 ]
J= -19
Eigenvalues:
Eigenvalue 1: -3.18426
Eigenvalue 2: -2.64664
Eigenvectors:
Eigenvector 1: [ -0.527482 0.132252 0.839209 -1.05547e-16 -5.21907e-17 5.74574e-19 -8.94981e-17 ]
Eigenvector 2: [ 0.760293 0.514274 0.396834 -1.14153e-16 -2.80528e-17 -1.40604e-16 1.11187e-16 ]
J= -21
Eigenvalues:
Eigenvalue 1: -2.61954
Eigenvalue 2: 0.872744
Eigenvectors:
Eigenvector 1: [ 1 -1.62989e-16 1.08617e-17 ]
Eigenvector 2: [ -6.2447e-17 0.716944 0.69713 ]
J= -23
Eigenvalues:
Eigenvalue 1: 0.942397
Eigenvectors:
Eigenvector 1: [ 1 ]
ymatget
2.009e-05  0  0  0  0  0
0  -0.973152  0  0  0  0
0  0  0.00628664  0  0  0
0  0  0  -0.174614  0  0
0  0  0  0  -0.14213  0
0  0  0  0  0  0.0473789
ymatget
-0.109239  0.042191  -0.106881  0  0  0
-0.042191  -0.770001  -0.0621761  -0.356162  0  0
-0.106881  0.0621761  -0.0975393  0.0697568  -0.12276  0
0  -0.356162  -0.0697568  -0.147359  -0.134578  0
0  0  -0.12276  0.134578  0  0
0  0  0  0  0  0
ymatget
-0.00323579  0.0354956  -0.00865999  0.0213878  -0.0329603  0
-0.0354956  -0.945882  -0.0445906  -0.192635  -0.0977554  0
-0.00865999  0.0445906  -0.0183891  0.030786  0  0
-0.0213878  -0.192635  -0.030786  0  0  0
-0.0329603  0.0977554  0  0  0  0
0  0  0  0  0  0
ymatget
-0.00377554  0.00109648  -0.00562475  0.00858153  0  0
-0.00109648  -0.999746  -0.0118385  0  0  0
-0.00562475  0.0118385  0  0  0  0
-0.00858153  0  0  0  0  0
0  0  0  0  0  0
0  0  0  0  0  0
ymatget
0  0  0  0  0  0
0  0  0  0  0  0.707107
0  0  0  0  0  0
0  0  0  0  0  0
0  0  0  0  0  0
0  0.707107  0  0  0  0
           1   5.7084e-17  2.21239e-16  1.73502e-17  1.15171e-16 -1.09292e-18  6.00646e-17 -6.38422e-17  1.56942e-17  3.75503e-18 -2.01953e-17            0            0            0            0            0            0
 1.38012e-16            1  1.15557e-16 -1.68964e-16 -6.53192e-17  7.81534e-18 -4.37558e-17 -8.48689e-17 -9.65892e-17 -8.50887e-18 -8.76521e-17            0            0            0            0            0            0
 1.45322e-16  1.10089e-16            1  -5.7508e-17  2.05193e-16 -3.43294e-17  3.47819e-17  8.56714e-17 -7.24183e-17 -9.76561e-17 -3.25457e-18            0            0            0            0            0            0
-5.49934e-17 -3.32174e-16 -6.32738e-19            1  5.99523e-17 -3.66091e-19  8.48306e-18 -5.12373e-17 -6.69866e-17  1.08047e-18  4.47048e-17            0            0            0            0            0            0
 2.95605e-17 -1.20005e-16  1.57511e-16  5.53285e-18            1  9.35635e-17  1.57639e-16  3.47856e-17 -7.28601e-17 -1.32833e-16  -2.4266e-16            0            0            0            0            0            0
 1.84573e-34  5.72684e-18 -3.79604e-17  9.83096e-18   2.2791e-17            1 -1.32114e-17   -2.272e-17  4.17674e-17 -3.31773e-17 -2.03433e-17            0            0            0            0            0            0
-2.92278e-17 -8.75908e-17 -2.31879e-17 -1.38941e-17  5.65566e-17  2.22663e-18            1  8.36013e-17  4.36111e-17 -1.86135e-18  6.46895e-17            0            0            0            0            0            0
-1.34884e-16 -8.62492e-17  6.01203e-17  -7.9882e-17 -5.51864e-17  -4.3364e-18  1.20422e-16            1  1.66581e-17  1.35832e-18  1.00801e-18            0            0            0            0            0            0
 2.65738e-17 -7.98907e-17  6.40026e-19  -5.2142e-17  1.15356e-17  7.37892e-17  6.96438e-18  1.51359e-18            1  1.03168e-16  4.33788e-17            0            0            0            0            0            0
-4.51835e-34 -3.59756e-17  3.32424e-17  4.94547e-18  5.61458e-17 -6.81492e-17  3.35854e-18  9.89273e-18  5.76558e-17            1  2.68679e-18            0            0            0            0            0            0
  1.4719e-17 -3.93124e-17    6.001e-17  6.22855e-17 -1.32531e-16 -4.53691e-17  2.50146e-17  4.63143e-17  7.79738e-17  1.44649e-16            1            0            0            0            0            0            0
           0            0            0            0            0            0            0            0            0            0            0            1 -8.92126e-17  5.15297e-17 -7.11496e-18  6.69827e-17 -3.35147e-17
           0            0            0            0            0            0            0            0            0            0            0 -1.66202e-17            1  2.73617e-17  1.41635e-16 -2.02602e-17  7.89234e-17
           0            0            0            0            0            0            0            0            0            0            0  4.92763e-17 -2.54272e-18            1  4.98572e-18 -2.95139e-18  6.60619e-17
           0            0            0            0            0            0            0            0            0            0            0  3.29851e-17  9.18098e-17  5.56661e-17            1 -1.97189e-17  6.53877e-17
           0            0            0            0            0            0            0            0            0            0            0   1.1114e-16 -3.90826e-17  1.24103e-17  6.20997e-17            1  -4.9523e-17
           0            0            0            0            0            0            0            0            0            0            0  2.46504e-17  8.32959e-17  6.47574e-17  8.76275e-17 -1.16792e-16            1
Elapsed time for ham1_1: 33185μs
Elapsed time for ham1: 1284233μs
ham2cal
    -27.9946 -1.55475e-16 -3.40778e-16       5.9138      -5.9138       5.9138  -1.0011e-15 -1.60291e-15 -2.09793e-16  -1.3427e-15 -3.40941e-16            0            0            0            0            0            0
-4.10587e-15     -7.17683  9.21789e-16     0.426055    -0.213027    -0.426055      2.21595     -3.13383      3.43294     -3.13383      2.21595            0            0            0            0            0            0
 6.63965e-16  4.63713e-16     -5.18055       2.3431      1.56207     0.390516     0.236112    0.0556522    -0.203213    0.0556522     0.236112            0            0            0            0            0            0
      5.9138     0.426055       2.3431     -9.11581     0.348775     0.552854     -1.45907     0.363462      0.22259     0.363462     -1.45907            0            0            0            0            0            0
     -5.9138    -0.213027      1.56207     0.348775     -4.43175    -0.252311    -0.472528     -0.46506     0.923276     -0.46506    -0.472528            0            0            0            0            0            0
      5.9138    -0.426055     0.390516     0.552854    -0.252311     -4.88257     0.257006    -0.646791     0.811981    -0.646791     0.257006            0            0            0            0            0            0
-1.80166e-16      2.21595     0.236112     -1.45907    -0.472528     0.257006     -4.84245     0.811958   -0.0554833      1.13153     -2.10894            0            0            0            0            0            0
 1.53858e-16     -3.13383    0.0556522     0.363462     -0.46506    -0.646791     0.811958     -4.33994      2.45672     -1.38046      1.13153            0            0            0            0            0            0
 1.28038e-15      3.43294    -0.203213      0.22259     0.923276     0.811981   -0.0554833      2.45672     -5.22888      2.45672   -0.0554833            0            0            0            0            0            0
-8.93488e-16     -3.13383    0.0556522     0.363462     -0.46506    -0.646791      1.13153     -1.38046      2.45672     -4.33994     0.811958            0            0            0            0            0            0
 -8.4348e-16      2.21595     0.236112     -1.45907    -0.472528     0.257006     -2.10894      1.13153   -0.0554833     0.811958     -4.84245            0            0            0            0            0            0
           0            0            0            0            0            0            0            0            0            0            0     -6.86791        1.066     0.337099    -0.953461     0.337099        1.066
           0            0            0            0            0            0            0            0            0            0            0        1.066     -2.02869    -0.504374    -0.430843     0.221812     0.117543
           0            0            0            0            0            0            0            0            0            0            0     0.337099    -0.504374     -3.08522    -0.924075    -0.250064     0.221812
           0            0            0            0            0            0            0            0            0            0            0    -0.953461    -0.430843    -0.924075     -3.23196    -0.924075    -0.430843
           0            0            0            0            0            0            0            0            0            0            0     0.337099     0.221812    -0.250064    -0.924075     -3.08522    -0.504374
           0            0            0            0            0            0            0            0            0            0            0        1.066     0.117543     0.221812    -0.430843    -0.504374     -2.02869
hamchangecal2
 -27.9946   13.2236         0         0         0         0         0         0         0         0         0         0         0         0         0         0         0
  13.2236  -8.70765         0         0         0         0         0         0         0         0         0         0         0         0         0         0         0
        0         0  -7.17683 -0.797075   6.42244         0         0         0         0         0         0         0         0         0         0         0         0
        0         0 -0.797075  -10.5703   2.32465         0         0         0         0         0         0         0         0         0         0         0         0
        0         0   6.42244   2.32465  -9.78585         0         0         0         0         0         0         0         0         0         0         0         0
        0         0         0         0         0  -2.50753         0         0         0         0         0         0         0         0         0         0         0
        0         0         0         0         0         0  -5.18055    3.2673  0.398733         0         0         0         0         0         0         0         0
        0         0         0         0         0         0    3.2673   -8.4665  -2.42628         0         0         0         0         0         0         0         0
        0         0         0         0         0         0  0.398733  -2.42628  -6.44556         0         0         0         0         0         0         0         0
        0         0         0         0         0         0         0         0         0  -3.18545         0         0         0         0         0         0         0
        0         0         0         0         0         0         0         0         0         0  -1.66926         0         0         0         0         0         0
        0         0         0         0         0         0         0         0         0         0         0  -2.13177         0         0         0         0         0
        0         0         0         0         0         0         0         0         0         0         0         0  -1.68696         0         0         0         0
        0         0         0         0         0         0         0         0         0         0         0         0         0  -6.86791   1.84637         0         0
        0         0         0         0         0         0         0         0         0         0         0         0         0   1.84637  -1.61515         0         0
        0         0         0         0         0         0         0         0         0         0         0         0         0         0         0  -3.29444         0
        0         0         0         0         0         0         0         0         0         0         0         0         0         0         0         0  -4.73148
hamsige2
    -22.9711 -1.76249e-15  2.40387e-18      4.76341     -4.76341      4.76341 -1.11077e-16 -7.76939e-16  4.44089e-16 -7.76939e-16 -1.66588e-16            0            0            0            0            0            0
-2.20484e-15     -7.35437  2.68666e-16     0.601489    -0.300744    -0.601489       2.3761     -3.36031      3.68104     -3.36031       2.3761            0            0            0            0            0            0
  4.4671e-16   4.9071e-16     -7.96964      3.37287      2.24858     0.562145     0.193744    0.0456659    -0.166748    0.0456659     0.193744            0            0            0            0            0            0
     4.76341     0.601489      3.37287     -13.2154    -0.551099      1.01195     -1.25863     0.261211     0.268428     0.261211     -1.25863            0            0            0            0            0            0
    -4.76341    -0.300744      2.24858    -0.551099     -6.17856     -0.85833    -0.444609    -0.383732     0.790071    -0.383732    -0.444609            0            0            0            0            0            0
     4.76341    -0.601489     0.562145      1.01195     -0.85833     -6.40898     0.184704    -0.514337     0.655857    -0.514337     0.184704            0            0            0            0            0            0
 -5.5728e-17       2.3761     0.193744     -1.25863    -0.444609     0.184704     -8.37781     0.213335      0.51691      1.53332     -2.59748            0            0            0            0            0            0
-9.99092e-16     -3.36031    0.0456659     0.261211    -0.383732    -0.514337     0.213335     -7.55963      2.74227    -0.845926      1.53332            0            0            0            0            0            0
 4.44089e-16      3.68104    -0.166748     0.268428     0.790071     0.655857      0.51691      2.74227     -8.30529      2.74227      0.51691            0            0            0            0            0            0
 -8.8807e-16     -3.36031    0.0456659     0.261211    -0.383732    -0.514337      1.53332    -0.845926      2.74227     -7.55963     0.213335            0            0            0            0            0            0
 -5.5728e-17       2.3761     0.193744     -1.25863    -0.444609     0.184704     -2.59748      1.53332      0.51691     0.213335     -8.37781            0            0            0            0            0            0
           0            0            0            0            0            0            0            0            0            0            0     -2.08869     0.362253     0.114554    -0.324009     0.114554     0.362253
           0            0            0            0            0            0            0            0            0            0            0     0.362253     0.225195    0.0615857    -0.226175    0.0782425    0.0499346
           0            0            0            0            0            0            0            0            0            0            0     0.114554    0.0615857   -0.0198258   -0.0984922    -0.179284    0.0782425
           0            0            0            0            0            0            0            0            0            0            0    -0.324009    -0.226175   -0.0984922   -0.0537435   -0.0984922    -0.226175
           0            0            0            0            0            0            0            0            0            0            0     0.114554    0.0782425    -0.179284   -0.0984922   -0.0198258    0.0615857
           0            0            0            0            0            0            0            0            0            0            0     0.362253    0.0499346    0.0782425    -0.226175    0.0615857     0.225195
hamsigechange2
 -22.9711   10.6513         0         0         0         0         0         0         0         0         0         0         0         0         0         0         0
  10.6513  -10.0894         0         0         0         0         0         0         0         0         0         0         0         0         0         0         0
        0         0  -7.35437  -1.12528   6.88659         0         0         0         0         0         0         0         0         0         0         0         0
        0         0  -1.12528  -14.6882   1.83336         0         0         0         0         0         0         0         0         0         0         0         0
        0         0   6.88659   1.83336  -12.6446         0         0         0         0         0         0         0         0         0         0         0         0
        0         0         0         0         0  -4.84696         0         0         0         0         0         0         0         0         0         0         0
        0         0         0         0         0         0  -7.96964   4.70324  0.327184         0         0         0         0         0         0         0         0
        0         0         0         0         0         0   4.70324  -13.6129  -2.16764         0         0         0         0         0         0         0         0
        0         0         0         0         0         0  0.327184  -2.16764  -11.0085         0         0         0         0         0         0         0         0
        0         0         0         0         0         0         0         0         0  -7.64708         0         0         0         0         0         0         0
        0         0         0         0         0         0         0         0         0         0  -4.03301         0         0         0         0         0         0
        0         0         0         0         0         0         0         0         0         0         0 -0.205187         0         0         0         0         0
        0         0         0         0         0         0         0         0         0         0         0         0  0.185795         0         0         0         0
        0         0         0         0         0         0         0         0         0         0         0         0         0  -2.08869  0.627441         0         0
        0         0         0         0         0         0         0         0         0         0         0         0         0  0.627441  0.521644         0         0
        0         0         0         0         0         0         0         0         0         0         0         0         0         0         0  0.148923         0
        0         0         0         0         0         0         0         0         0         0         0         0         0         0         0         0 -0.294181
hamp2
-50.9657  23.8749        0        0        0        0        0        0        0        0        0        0        0        0        0        0        0
 23.8749  -18.797        0        0        0        0        0        0        0        0        0        0        0        0        0        0        0
       0        0 -14.5312 -1.92236   13.309        0        0        0        0        0        0        0        0        0        0        0        0
       0        0 -1.92236 -25.2585    4.158        0        0        0        0        0        0        0        0        0        0        0        0
       0        0   13.309    4.158 -22.4305        0        0        0        0        0        0        0        0        0        0        0        0
       0        0        0        0        0  -7.3545        0        0        0        0        0        0        0        0        0        0        0
       0        0        0        0        0        0 -13.1502  7.97054 0.725917        0        0        0        0        0        0        0        0
       0        0        0        0        0        0  7.97054 -22.0794 -4.59392        0        0        0        0        0        0        0        0
       0        0        0        0        0        0 0.725917 -4.59392  -17.454        0        0        0        0        0        0        0        0
       0        0        0        0        0        0        0        0        0 -10.8325        0        0        0        0        0        0        0
       0        0        0        0        0        0        0        0        0        0 -5.70228        0        0        0        0        0        0
       0        0        0        0        0        0        0        0        0        0        0 -2.33696        0        0        0        0        0
       0        0        0        0        0        0        0        0        0        0        0        0 -1.50116        0        0        0        0
       0        0        0        0        0        0        0        0        0        0        0        0        0 -8.95659  2.47381        0        0
       0        0        0        0        0        0        0        0        0        0        0        0        0  2.47381  -1.0935        0        0
       0        0        0        0        0        0        0        0        0        0        0        0        0        0        0 -3.14552        0
       0        0        0        0        0        0        0        0        0        0        0        0        0        0        0        0 -5.02566
J= 0
Eigenvalues:
Eigenvalue 1: -8.22718
Eigenvalue 2: -2.29754
Eigenvectors:
Eigenvector 1: [ -0.999496 0.0317346 ]
Eigenvector 2: [ 0.0317346 0.999496 ]
J= 4
Eigenvalues:
Eigenvalue 1: -6.31396
Eigenvalue 2: -3.95522
Eigenvectors:
Eigenvector 1: [ 0.856399 0.170536 -0.487338 ]
Eigenvector 2: [ 0.150098 0.820882 0.55102 ]
J= 6
Eigenvalues:
Eigenvalue 1: -3.41833
Eigenvectors:
Eigenvector 1: [ -1 ]
J= 8
Eigenvalues:
Eigenvalue 1: -5.98394
Eigenvalue 2: -5.15255
Eigenvectors:
Eigenvector 1: [ 0.995228 -0.0344448 0.0912968 ]
Eigenvector 2: [ 0.0689162 -0.414254 -0.907548 ]
J= 10
Eigenvalues:
Eigenvalue 1: -4.09547
Eigenvectors:
Eigenvector 1: [ -1 ]
J= 12
Eigenvalues:
Eigenvalue 1: -3.49213
Eigenvectors:
Eigenvector 1: [ 1 ]
J= -2
Eigenvalues:
Eigenvalue 1: -0.789069
Eigenvectors:
Eigenvector 1: [ -1 ]
J= -4
Eigenvalues:
Eigenvalue 1: -0.520876
Eigenvectors:
Eigenvector 1: [ -1 ]
J= -6
Eigenvalues:
Eigenvalue 1: -2.93924
Eigenvalue 2: -0.15931
Eigenvectors:
Eigenvector 1: [ 0.99923 -0.0392384 ]
Eigenvector 2: [ -0.0392384 -0.99923 ]
J= -8
Eigenvalues:
Eigenvalue 1: -0.95366
Eigenvectors:
Eigenvector 1: [ 1 ]
J= -10
Eigenvalues:
Eigenvalue 1: -1.30447
Eigenvectors:
Eigenvector 1: [ -1 ]

Warning: Found near-zero vector at k=28, possibly due to linear dependence.
Warning: Found near-zero vector at k=35, possibly due to linear dependence.
Warning: Found near-zero vector at k=88, possibly due to linear dependence.
Warning: Found near-zero vector at k=91, possibly due to linear dependence.
Warning: Found near-zero vector at k=94, possibly due to linear dependence.
Warning: Found near-zero vector at k=100, possibly due to linear dependence.
Warning: Found near-zero vector at k=103, possibly due to linear dependence.
Warning: Found near-zero vector at k=181, possibly due to linear dependence.
Warning: Found near-zero vector at k=184, possibly due to linear dependence.
Warning: Found near-zero vector at k=189, possibly due to linear dependence.
Warning: Found near-zero vector at k=191, possibly due to linear dependence.
Warning: Found near-zero vector at k=194, possibly due to linear dependence.
Warning: Found near-zero vector at k=197, possibly due to linear dependence.

Warning: Found near-zero vector at k=275, possibly due to linear dependence.
Warning: Found near-zero vector at k=278, possibly due to linear dependence.
Warning: Found near-zero vector at k=281, possibly due to linear dependence.
Warning: Found near-zero vector at k=295, possibly due to linear dependence.
Warning: Found near-zero vector at k=297, possibly due to linear dependence.
Warning: Found near-zero vector at k=298, possibly due to linear dependence.
Warning: Found near-zero vector at k=301, possibly due to linear dependence.
Warning: Found near-zero vector at k=303, possibly due to linear dependence.
Warning: Found near-zero vector at k=306, possibly due to linear dependence.
Warning: Found near-zero vector at k=308, possibly due to linear dependence.
Warning: Found near-zero vector at k=401, possibly due to linear dependence.
Warning: Found near-zero vector at k=404, possibly due to linear dependence.
Warning: Found near-zero vector at k=406, possibly due to linear dependence.
Warning: Found near-zero vector at k=407, possibly due to linear dependence.
Warning: Found near-zero vector at k=416, possibly due to linear dependence.
Warning: Found near-zero vector at k=418, possibly due to linear dependence.
Warning: Found near-zero vector at k=419, possibly due to linear dependence.
Warning: Found near-zero vector at k=422, possibly due to linear dependence.
Warning: Found near-zero vector at k=424, possibly due to linear dependence.
Warning: Found near-zero vector at k=426, possibly due to linear dependence.
Warning: Found near-zero vector at k=428, possibly due to linear dependence.
Warning: Found near-zero vector at k=513, possibly due to linear dependence.
Warning: Found near-zero vector at k=516, possibly due to linear dependence.
Warning: Found near-zero vector at k=518, possibly due to linear dependence.
Warning: Found near-zero vector at k=519, possibly due to linear dependence.
Warning: Found near-zero vector at k=526, possibly due to linear dependence.
Warning: Found near-zero vector at k=529, possibly due to linear dependence.
Warning: Found near-zero vector at k=531, possibly due to linear dependence.
Warning: Found near-zero vector at k=532, possibly due to linear dependence.
Warning: Found near-zero vector at k=539, possibly due to linear dependence.
Warning: Found near-zero vector at k=541, possibly due to linear dependence.
Warning: Found near-zero vector at k=542, possibly due to linear dependence.
Warning: Found near-zero vector at k=543, possibly due to linear dependence.
Warning: Found near-zero vector at k=545, possibly due to linear dependence.
Warning: Found near-zero vector at k=547, possibly due to linear dependence.
Warning: Found near-zero vector at k=548, possibly due to linear dependence.
Warning: Found near-zero vector at k=635, possibly due to linear dependence.
Warning: Found near-zero vector at k=638, possibly due to linear dependence.
Warning: Found near-zero vector at k=640, possibly due to linear dependence.
Warning: Found near-zero vector at k=641, possibly due to linear dependence.
Warning: Found near-zero vector at k=646, possibly due to linear dependence.
Warning: Found near-zero vector at k=649, possibly due to linear dependence.
Warning: Found near-zero vector at k=651, possibly due to linear dependence.
Warning: Found near-zero vector at k=652, possibly due to linear dependence.
Warning: Found near-zero vector at k=655, possibly due to linear dependence.
Warning: Found near-zero vector at k=657, possibly due to linear dependence.
Warning: Found near-zero vector at k=658, possibly due to linear dependence.
Warning: Found near-zero vector at k=659, possibly due to linear dependence.
Warning: Found near-zero vector at k=661, possibly due to linear dependence.
Warning: Found near-zero vector at k=662, possibly due to linear dependence.
Warning: Found near-zero vector at k=663, possibly due to linear dependence.
Warning: Found near-zero vector at k=732, possibly due to linear dependence.
Warning: Found near-zero vector at k=735, possibly due to linear dependence.
Warning: Found near-zero vector at k=737, possibly due to linear dependence.
Warning: Found near-zero vector at k=738, possibly due to linear dependence.
Warning: Found near-zero vector at k=743, possibly due to linear dependence.
Warning: Found near-zero vector at k=746, possibly due to linear dependence.
Warning: Found near-zero vector at k=748, possibly due to linear dependence.
Warning: Found near-zero vector at k=749, possibly due to linear dependence.
Warning: Found near-zero vector at k=752, possibly due to linear dependence.
Warning: Found near-zero vector at k=754, possibly due to linear dependence.
Warning: Found near-zero vector at k=755, possibly due to linear dependence.
Warning: Found near-zero vector at k=757, possibly due to linear dependence.
Warning: Found near-zero vector at k=759, possibly due to linear dependence.
Warning: Found near-zero vector at k=760, possibly due to linear dependence.
Warning: Found near-zero vector at k=761, possibly due to linear dependence.
Warning: Found near-zero vector at k=824, possibly due to linear dependence.
Warning: Found near-zero vector at k=827, possibly due to linear dependence.
Warning: Found near-zero vector at k=829, possibly due to linear dependence.
Warning: Found near-zero vector at k=830, possibly due to linear dependence.
Warning: Found near-zero vector at k=833, possibly due to linear dependence.
Warning: Found near-zero vector at k=835, possibly due to linear dependence.
Warning: Found near-zero vector at k=836, possibly due to linear dependence.
Warning: Found near-zero vector at k=838, possibly due to linear dependence.
Warning: Found near-zero vector at k=840, possibly due to linear dependence.
Warning: Found near-zero vector at k=841, possibly due to linear dependence.
Warning: Found near-zero vector at k=842, possibly due to linear dependence.
Warning: Found near-zero vector at k=887, possibly due to linear dependence.
Warning: Found near-zero vector at k=890, possibly due to linear dependence.
Warning: Found near-zero vector at k=892, possibly due to linear dependence.
Warning: Found near-zero vector at k=893, possibly due to linear dependence.
Warning: Found near-zero vector at k=896, possibly due to linear dependence.
Warning: Found near-zero vector at k=898, possibly due to linear dependence.
Warning: Found near-zero vector at k=899, possibly due to linear dependence.
Warning: Found near-zero vector at k=901, possibly due to linear dependence.
Warning: Found near-zero vector at k=903, possibly due to linear dependence.
Warning: Found near-zero vector at k=904, possibly due to linear dependence.
Warning: Found near-zero vector at k=905, possibly due to linear dependence.
Warning: Found near-zero vector at k=944, possibly due to linear dependence.
Warning: Found near-zero vector at k=946, possibly due to linear dependence.
Warning: Found near-zero vector at k=947, possibly due to linear dependence.
Warning: Found near-zero vector at k=949, possibly due to linear dependence.
Warning: Found near-zero vector at k=951, possibly due to linear dependence.
Warning: Found near-zero vector at k=952, possibly due to linear dependence.
Warning: Found near-zero vector at k=953, possibly due to linear dependence.
Warning: Found near-zero vector at k=978, possibly due to linear dependence.
Warning: Found near-zero vector at k=980, possibly due to linear dependence.
Warning: Found near-zero vector at k=981, possibly due to linear dependence.
Warning: Found near-zero vector at k=983, possibly due to linear dependence.
Warning: Found near-zero vector at k=985, possibly due to linear dependence.
Warning: Found near-zero vector at k=986, possibly due to linear dependence.
Warning: Found near-zero vector at k=987, possibly due to linear dependence.
Warning: Found near-zero vector at k=1007, possibly due to linear dependence.
Warning: Found near-zero vector at k=1009, possibly due to linear dependence.
Warning: Found near-zero vector at k=1010, possibly due to linear dependence.
Warning: Found near-zero vector at k=1011, possibly due to linear dependence.
Warning: Found near-zero vector at k=1022, possibly due to linear dependence.
Warning: Found near-zero vector at k=1024, possibly due to linear dependence.
Warning: Found near-zero vector at k=1025, possibly due to linear dependence.
Warning: Found near-zero vector at k=1026, possibly due to linear dependence.
Warning: Found near-zero vector at k=1035, possibly due to linear dependence.
Warning: Found near-zero vector at k=1036, possibly due to linear dependence.
Warning: Found near-zero vector at k=1041, possibly due to linear dependence.
Warning: Found near-zero vector at k=1042, possibly due to linear dependence.
Warning: Found near-zero vector at k=1046, possibly due to linear dependence.
Warning: Found near-zero vector at k=1048, possibly due to linear dependence.
Warning: Found near-zero vector at k=1058, possibly due to linear dependence.
Warning: Found near-zero vector at k=1061, possibly due to linear dependence.
Warning: Found near-zero vector at k=1063, possibly due to linear dependence.
Warning: Found near-zero vector at k=1065, possibly due to linear dependence.
Warning: Found near-zero vector at k=1071, possibly due to linear dependence.
Warning: Found near-zero vector at k=1075, possibly due to linear dependence.
Warning: Found near-zero vector at k=1078, possibly due to linear dependence.
Warning: Found near-zero vector at k=1081, possibly due to linear dependence.
Warning: Found near-zero vector at k=1083, possibly due to linear dependence.
Warning: Found near-zero vector at k=1088, possibly due to linear dependence.
Warning: Found near-zero vector at k=1090, possibly due to linear dependence.
Warning: Found near-zero vector at k=1092, possibly due to linear dependence.
Warning: Found near-zero vector at k=1093, possibly due to linear dependence.
Warning: Found near-zero vector at k=1094, possibly due to linear dependence.
Warning: Found near-zero vector at k=1108, possibly due to linear dependence.
Warning: Found near-zero vector at k=1110, possibly due to linear dependence.
Warning: Found near-zero vector at k=1112, possibly due to linear dependence.
Warning: Found near-zero vector at k=1113, possibly due to linear dependence.
Warning: Found near-zero vector at k=1114, possibly due to linear dependence.
Warning: Found near-zero vector at k=1139, possibly due to linear dependence.
Warning: Found near-zero vector at k=1143, possibly due to linear dependence.
Warning: Found near-zero vector at k=1147, possibly due to linear dependence.
Warning: Found near-zero vector at k=1152, possibly due to linear dependence.
Warning: Found near-zero vector at k=1155, possibly due to linear dependence.
Warning: Found near-zero vector at k=1158, possibly due to linear dependence.
Warning: Found near-zero vector at k=1161, possibly due to linear dependence.
Warning: Found near-zero vector at k=1162, possibly due to linear dependence.
Warning: Found near-zero vector at k=1165, possibly due to linear dependence.
Warning: Found near-zero vector at k=1166, possibly due to linear dependence.
Warning: Found near-zero vector at k=1169, possibly due to linear dependence.
Warning: Found near-zero vector at k=1171, possibly due to linear dependence.
Warning: Found near-zero vector at k=1178, possibly due to linear dependence.
Warning: Found near-zero vector at k=1181, possibly due to linear dependence.
Warning: Found near-zero vector at k=1184, possibly due to linear dependence.
Warning: Found near-zero vector at k=1187, possibly due to linear dependence.
Warning: Found near-zero vector at k=1190, possibly due to linear dependence.
Warning: Found near-zero vector at k=1193, possibly due to linear dependence.
Warning: Found near-zero vector at k=1194, possibly due to linear dependence.
Warning: Found near-zero vector at k=1197, possibly due to linear dependence.
Warning: Found near-zero vector at k=1198, possibly due to linear dependence.
Warning: Found near-zero vector at k=1205, possibly due to linear dependence.
Warning: Found near-zero vector at k=1210, possibly due to linear dependence.
Warning: Found near-zero vector at k=1213, possibly due to linear dependence.
Warning: Found near-zero vector at k=1216, possibly due to linear dependence.
Warning: Found near-zero vector at k=1222, possibly due to linear dependence.
Warning: Found near-zero vector at k=1224, possibly due to linear dependence.
Warning: Found near-zero vector at k=1226, possibly due to linear dependence.
Warning: Found near-zero vector at k=1227, possibly due to linear dependence.
Warning: Found near-zero vector at k=1228, possibly due to linear dependence.
Warning: Found near-zero vector at k=1230, possibly due to linear dependence.
Warning: Found near-zero vector at k=1232, possibly due to linear dependence.
Warning: Found near-zero vector at k=1233, possibly due to linear dependence.
Warning: Found near-zero vector at k=1234, possibly due to linear dependence.
Warning: Found near-zero vector at k=1274, possibly due to linear dependence.
Warning: Found near-zero vector at k=1278, possibly due to linear dependence.
Warning: Found near-zero vector at k=1293, possibly due to linear dependence.
Warning: Found near-zero vector at k=1299, possibly due to linear dependence.
Warning: Found near-zero vector at k=1300, possibly due to linear dependence.
Warning: Found near-zero vector at k=1306, possibly due to linear dependence.
Warning: Found near-zero vector at k=1307, possibly due to linear dependence.
Warning: Found near-zero vector at k=1312, possibly due to linear dependence.
Warning: Found near-zero vector at k=1315, possibly due to linear dependence.
Warning: Found near-zero vector at k=1321, possibly due to linear dependence.
Warning: Found near-zero vector at k=1324, possibly due to linear dependence.
Warning: Found near-zero vector at k=1327, possibly due to linear dependence.
Warning: Found near-zero vector at k=1328, possibly due to linear dependence.
Warning: Found near-zero vector at k=1331, possibly due to linear dependence.
Warning: Found near-zero vector at k=1334, possibly due to linear dependence.
Warning: Found near-zero vector at k=1335, possibly due to linear dependence.
Warning: Found near-zero vector at k=1338, possibly due to linear dependence.
Warning: Found near-zero vector at k=1341, possibly due to linear dependence.
Warning: Found near-zero vector at k=1342, possibly due to linear dependence.
Warning: Found near-zero vector at k=1345, possibly due to linear dependence.
Warning: Found near-zero vector at k=1346, possibly due to linear dependence.
Warning: Found near-zero vector at k=1353, possibly due to linear dependence.
Warning: Found near-zero vector at k=1356, possibly due to linear dependence.
Warning: Found near-zero vector at k=1359, possibly due to linear dependence.
Warning: Found near-zero vector at k=1362, possibly due to linear dependence.
Warning: Found near-zero vector at k=1363, possibly due to linear dependence.
Warning: Found near-zero vector at k=1366, possibly due to linear dependence.
Warning: Found near-zero vector at k=1367, possibly due to linear dependence.
Warning: Found near-zero vector at k=1376, possibly due to linear dependence.
Warning: Found near-zero vector at k=1378, possibly due to linear dependence.
Warning: Found near-zero vector at k=1379, possibly due to linear dependence.
Warning: Found near-zero vector at k=1381, possibly due to linear dependence.
Warning: Found near-zero vector at k=1382, possibly due to linear dependence.
Warning: Found near-zero vector at k=1384, possibly due to linear dependence.
Warning: Found near-zero vector at k=1385, possibly due to linear dependence.
Warning: Found near-zero vector at k=1386, possibly due to linear dependence.
Warning: Found near-zero vector at k=1388, possibly due to linear dependence.
Warning: Found near-zero vector at k=1390, possibly due to linear dependence.
Warning: Found near-zero vector at k=1391, possibly due to linear dependence.
Warning: Found near-zero vector at k=1392, possibly due to linear dependence.
Warning: Found near-zero vector at k=1394, possibly due to linear dependence.
Warning: Found near-zero vector at k=1395, possibly due to linear dependence.
Warning: Found near-zero vector at k=1396, possibly due to linear dependence.
Warning: Found near-zero vector at k=1452, possibly due to linear dependence.
Warning: Found near-zero vector at k=1475, possibly due to linear dependence.
Warning: Found near-zero vector at k=1476, possibly due to linear dependence.
Warning: Found near-zero vector at k=1482, possibly due to linear dependence.
Warning: Found near-zero vector at k=1483, possibly due to linear dependence.
Warning: Found near-zero vector at k=1488, possibly due to linear dependence.
Warning: Found near-zero vector at k=1491, possibly due to linear dependence.
Warning: Found near-zero vector at k=1497, possibly due to linear dependence.
Warning: Found near-zero vector at k=1500, possibly due to linear dependence.
Warning: Found near-zero vector at k=1503, possibly due to linear dependence.
Warning: Found near-zero vector at k=1504, possibly due to linear dependence.
Warning: Found near-zero vector at k=1507, possibly due to linear dependence.
Warning: Found near-zero vector at k=1510, possibly due to linear dependence.
Warning: Found near-zero vector at k=1511, possibly due to linear dependence.
Warning: Found near-zero vector at k=1514, possibly due to linear dependence.
Warning: Found near-zero vector at k=1517, possibly due to linear dependence.
Warning: Found near-zero vector at k=1518, possibly due to linear dependence.
Warning: Found near-zero vector at k=1521, possibly due to linear dependence.
Warning: Found near-zero vector at k=1522, possibly due to linear dependence.
Warning: Found near-zero vector at k=1527, possibly due to linear dependence.
Warning: Found near-zero vector at k=1530, possibly due to linear dependence.
Warning: Found near-zero vector at k=1533, possibly due to linear dependence.
Warning: Found near-zero vector at k=1534, possibly due to linear dependence.
Warning: Found near-zero vector at k=1537, possibly due to linear dependence.
Warning: Found near-zero vector at k=1540, possibly due to linear dependence.
Warning: Found near-zero vector at k=1541, possibly due to linear dependence.
Warning: Found near-zero vector at k=1544, possibly due to linear dependence.
Warning: Found near-zero vector at k=1545, possibly due to linear dependence.
Warning: Found near-zero vector at k=1554, possibly due to linear dependence.
Warning: Found near-zero vector at k=1556, possibly due to linear dependence.
Warning: Found near-zero vector at k=1557, possibly due to linear dependence.
Warning: Found near-zero vector at k=1558, possibly due to linear dependence.
Warning: Found near-zero vector at k=1560, possibly due to linear dependence.
Warning: Found near-zero vector at k=1561, possibly due to linear dependence.
Warning: Found near-zero vector at k=1562, possibly due to linear dependence.
Warning: Found near-zero vector at k=1564, possibly due to linear dependence.
Warning: Found near-zero vector at k=1565, possibly due to linear dependence.
Warning: Found near-zero vector at k=1566, possibly due to linear dependence.
Warning: Found near-zero vector at k=1571, possibly due to linear dependence.
Warning: Found near-zero vector at k=1573, possibly due to linear dependence.
Warning: Found near-zero vector at k=1574, possibly due to linear dependence.
Warning: Found near-zero vector at k=1576, possibly due to linear dependence.
Warning: Found near-zero vector at k=1577, possibly due to linear dependence.
Warning: Found near-zero vector at k=1578, possibly due to linear dependence.
Warning: Found near-zero vector at k=1580, possibly due to linear dependence.
Warning: Found near-zero vector at k=1581, possibly due to linear dependence.
Warning: Found near-zero vector at k=1582, possibly due to linear dependence.
Warning: Found near-zero vector at k=1583, possibly due to linear dependence.
Warning: Found near-zero vector at k=1584, possibly due to linear dependence.
Warning: Found near-zero vector at k=1671, possibly due to linear dependence.
Warning: Found near-zero vector at k=1676, possibly due to linear dependence.
Warning: Found near-zero vector at k=1679, possibly due to linear dependence.
Warning: Found near-zero vector at k=1693, possibly due to linear dependence.
Warning: Found near-zero vector at k=1696, possibly due to linear dependence.
Warning: Found near-zero vector at k=1699, possibly due to linear dependence.
Warning: Found near-zero vector at k=1700, possibly due to linear dependence.
Warning: Found near-zero vector at k=1703, possibly due to linear dependence.
Warning: Found near-zero vector at k=1706, possibly due to linear dependence.
Warning: Found near-zero vector at k=1707, possibly due to linear dependence.
Warning: Found near-zero vector at k=1710, possibly due to linear dependence.
Warning: Found near-zero vector at k=1711, possibly due to linear dependence.
Warning: Found near-zero vector at k=1716, possibly due to linear dependence.
Warning: Found near-zero vector at k=1719, possibly due to linear dependence.
Warning: Found near-zero vector at k=1722, possibly due to linear dependence.
Warning: Found near-zero vector at k=1723, possibly due to linear dependence.
Warning: Found near-zero vector at k=1726, possibly due to linear dependence.
Warning: Found near-zero vector at k=1729, possibly due to linear dependence.
Warning: Found near-zero vector at k=1730, possibly due to linear dependence.
Warning: Found near-zero vector at k=1733, possibly due to linear dependence.
Warning: Found near-zero vector at k=1734, possibly due to linear dependence.
Warning: Found near-zero vector at k=1741, possibly due to linear dependence.
Warning: Found near-zero vector at k=1744, possibly due to linear dependence.
Warning: Found near-zero vector at k=1746, possibly due to linear dependence.
Warning: Found near-zero vector at k=1747, possibly due to linear dependence.
Warning: Found near-zero vector at k=1748, possibly due to linear dependence.
Warning: Found near-zero vector at k=1750, possibly due to linear dependence.
Warning: Found near-zero vector at k=1751, possibly due to linear dependence.
Warning: Found near-zero vector at k=1752, possibly due to linear dependence.
Warning: Found near-zero vector at k=1754, possibly due to linear dependence.
Warning: Found near-zero vector at k=1755, possibly due to linear dependence.
Warning: Found near-zero vector at k=1756, possibly due to linear dependence.
Warning: Found near-zero vector at k=1761, possibly due to linear dependence.
Warning: Found near-zero vector at k=1763, possibly due to linear dependence.
Warning: Found near-zero vector at k=1764, possibly due to linear dependence.
Warning: Found near-zero vector at k=1765, possibly due to linear dependence.
Warning: Found near-zero vector at k=1767, possibly due to linear dependence.
Warning: Found near-zero vector at k=1768, possibly due to linear dependence.
Warning: Found near-zero vector at k=1769, possibly due to linear dependence.
Warning: Found near-zero vector at k=1773, possibly due to linear dependence.
Warning: Found near-zero vector at k=1775, possibly due to linear dependence.
Warning: Found near-zero vector at k=1776, possibly due to linear dependence.
Warning: Found near-zero vector at k=1777, possibly due to linear dependence.
Warning: Found near-zero vector at k=1778, possibly due to linear dependence.
Warning: Found near-zero vector at k=1779, possibly due to linear dependence.
Warning: Found near-zero vector at k=1780, possibly due to linear dependence.
Warning: Found near-zero vector at k=1864, possibly due to linear dependence.
Warning: Found near-zero vector at k=1884, possibly due to linear dependence.
Warning: Found near-zero vector at k=1887, possibly due to linear dependence.
Warning: Found near-zero vector at k=1890, possibly due to linear dependence.
Warning: Found near-zero vector at k=1891, possibly due to linear dependence.
Warning: Found near-zero vector at k=1894, possibly due to linear dependence.
Warning: Found near-zero vector at k=1895, possibly due to linear dependence.
Warning: Found near-zero vector at k=1900, possibly due to linear dependence.
Warning: Found near-zero vector at k=1903, possibly due to linear dependence.
Warning: Found near-zero vector at k=1906, possibly due to linear dependence.
Warning: Found near-zero vector at k=1907, possibly due to linear dependence.
Warning: Found near-zero vector at k=1910, possibly due to linear dependence.
Warning: Found near-zero vector at k=1913, possibly due to linear dependence.
Warning: Found near-zero vector at k=1914, possibly due to linear dependence.
Warning: Found near-zero vector at k=1917, possibly due to linear dependence.
Warning: Found near-zero vector at k=1918, possibly due to linear dependence.
Warning: Found near-zero vector at k=1925, possibly due to linear dependence.
Warning: Found near-zero vector at k=1928, possibly due to linear dependence.
Warning: Found near-zero vector at k=1930, possibly due to linear dependence.
Warning: Found near-zero vector at k=1931, possibly due to linear dependence.
Warning: Found near-zero vector at k=1932, possibly due to linear dependence.
Warning: Found near-zero vector at k=1934, possibly due to linear dependence.
Warning: Found near-zero vector at k=1935, possibly due to linear dependence.
Warning: Found near-zero vector at k=1936, possibly due to linear dependence.
Warning: Found near-zero vector at k=1938, possibly due to linear dependence.
Warning: Found near-zero vector at k=1939, possibly due to linear dependence.
Warning: Found near-zero vector at k=1940, possibly due to linear dependence.
Warning: Found near-zero vector at k=1945, possibly due to linear dependence.
Warning: Found near-zero vector at k=1947, possibly due to linear dependence.
Warning: Found near-zero vector at k=1948, possibly due to linear dependence.
Warning: Found near-zero vector at k=1949, possibly due to linear dependence.
Warning: Found near-zero vector at k=1951, possibly due to linear dependence.
Warning: Found near-zero vector at k=1952, possibly due to linear dependence.
Warning: Found near-zero vector at k=1953, possibly due to linear dependence.
Warning: Found near-zero vector at k=1957, possibly due to linear dependence.
Warning: Found near-zero vector at k=1959, possibly due to linear dependence.
Warning: Found near-zero vector at k=1960, possibly due to linear dependence.
Warning: Found near-zero vector at k=1961, possibly due to linear dependence.
Warning: Found near-zero vector at k=1965, possibly due to linear dependence.
Warning: Found near-zero vector at k=1966, possibly due to linear dependence.
Warning: Found near-zero vector at k=1967, possibly due to linear dependence.
Warning: Found near-zero vector at k=2058, possibly due to linear dependence.
Warning: Found near-zero vector at k=2061, possibly due to linear dependence.
Warning: Found near-zero vector at k=2062, possibly due to linear dependence.
Warning: Found near-zero vector at k=2074, possibly due to linear dependence.
Warning: Found near-zero vector at k=2077, possibly due to linear dependence.
Warning: Found near-zero vector at k=2080, possibly due to linear dependence.
Warning: Found near-zero vector at k=2081, possibly due to linear dependence.
Warning: Found near-zero vector at k=2084, possibly due to linear dependence.
Warning: Found near-zero vector at k=2085, possibly due to linear dependence.
Warning: Found near-zero vector at k=2092, possibly due to linear dependence.
Warning: Found near-zero vector at k=2095, possibly due to linear dependence.
Warning: Found near-zero vector at k=2097, possibly due to linear dependence.
Warning: Found near-zero vector at k=2098, possibly due to linear dependence.
Warning: Found near-zero vector at k=2099, possibly due to linear dependence.
Warning: Found near-zero vector at k=2101, possibly due to linear dependence.
Warning: Found near-zero vector at k=2102, possibly due to linear dependence.
Warning: Found near-zero vector at k=2103, possibly due to linear dependence.
Warning: Found near-zero vector at k=2105, possibly due to linear dependence.
Warning: Found near-zero vector at k=2106, possibly due to linear dependence.
Warning: Found near-zero vector at k=2107, possibly due to linear dependence.
Warning: Found near-zero vector at k=2112, possibly due to linear dependence.
Warning: Found near-zero vector at k=2114, possibly due to linear dependence.
Warning: Found near-zero vector at k=2115, possibly due to linear dependence.
Warning: Found near-zero vector at k=2116, possibly due to linear dependence.
Warning: Found near-zero vector at k=2118, possibly due to linear dependence.
Warning: Found near-zero vector at k=2119, possibly due to linear dependence.
Warning: Found near-zero vector at k=2120, possibly due to linear dependence.
Warning: Found near-zero vector at k=2124, possibly due to linear dependence.
Warning: Found near-zero vector at k=2126, possibly due to linear dependence.
Warning: Found near-zero vector at k=2127, possibly due to linear dependence.
Warning: Found near-zero vector at k=2128, possibly due to linear dependence.
Warning: Found near-zero vector at k=2132, possibly due to linear dependence.
Warning: Found near-zero vector at k=2133, possibly due to linear dependence.
Warning: Found near-zero vector at k=2136, possibly due to linear dependence.
Warning: Found near-zero vector at k=2205, possibly due to linear dependence.
Warning: Found near-zero vector at k=2224, possibly due to linear dependence.
Warning: Found near-zero vector at k=2227, possibly due to linear dependence.
Warning: Found near-zero vector at k=2228, possibly due to linear dependence.
Warning: Found near-zero vector at k=2235, possibly due to linear dependence.
Warning: Found near-zero vector at k=2238, possibly due to linear dependence.
Warning: Found near-zero vector at k=2240, possibly due to linear dependence.
Warning: Found near-zero vector at k=2241, possibly due to linear dependence.
Warning: Found near-zero vector at k=2242, possibly due to linear dependence.
Warning: Found near-zero vector at k=2244, possibly due to linear dependence.
Warning: Found near-zero vector at k=2245, possibly due to linear dependence.
Warning: Found near-zero vector at k=2246, possibly due to linear dependence.
Warning: Found near-zero vector at k=2248, possibly due to linear dependence.
Warning: Found near-zero vector at k=2249, possibly due to linear dependence.
Warning: Found near-zero vector at k=2250, possibly due to linear dependence.
Warning: Found near-zero vector at k=2255, possibly due to linear dependence.
Warning: Found near-zero vector at k=2257, possibly due to linear dependence.
Warning: Found near-zero vector at k=2258, possibly due to linear dependence.
Warning: Found near-zero vector at k=2259, possibly due to linear dependence.
Warning: Found near-zero vector at k=2261, possibly due to linear dependence.
Warning: Found near-zero vector at k=2262, possibly due to linear dependence.
Warning: Found near-zero vector at k=2263, possibly due to linear dependence.
Warning: Found near-zero vector at k=2267, possibly due to linear dependence.
Warning: Found near-zero vector at k=2269, possibly due to linear dependence.
Warning: Found near-zero vector at k=2270, possibly due to linear dependence.
Warning: Found near-zero vector at k=2271, possibly due to linear dependence.
Warning: Found near-zero vector at k=2275, possibly due to linear dependence.
Warning: Found near-zero vector at k=2276, possibly due to linear dependence.
Warning: Found near-zero vector at k=2279, possibly due to linear dependence.
Warning: Found near-zero vector at k=2345, possibly due to linear dependence.
Warning: Found near-zero vector at k=2359, possibly due to linear dependence.
Warning: Found near-zero vector at k=2361, possibly due to linear dependence.
Warning: Found near-zero vector at k=2362, possibly due to linear dependence.
Warning: Found near-zero vector at k=2363, possibly due to linear dependence.
Warning: Found near-zero vector at k=2365, possibly due to linear dependence.
Warning: Found near-zero vector at k=2366, possibly due to linear dependence.
Warning: Found near-zero vector at k=2367, possibly due to linear dependence.
Warning: Found near-zero vector at k=2372, possibly due to linear dependence.
Warning: Found near-zero vector at k=2374, possibly due to linear dependence.
Warning: Found near-zero vector at k=2375, possibly due to linear dependence.
Warning: Found near-zero vector at k=2376, possibly due to linear dependence.
Warning: Found near-zero vector at k=2378, possibly due to linear dependence.
Warning: Found near-zero vector at k=2379, possibly due to linear dependence.
Warning: Found near-zero vector at k=2380, possibly due to linear dependence.
Warning: Found near-zero vector at k=2384, possibly due to linear dependence.
Warning: Found near-zero vector at k=2386, possibly due to linear dependence.
Warning: Found near-zero vector at k=2387, possibly due to linear dependence.
Warning: Found near-zero vector at k=2388, possibly due to linear dependence.
Warning: Found near-zero vector at k=2392, possibly due to linear dependence.
Warning: Found near-zero vector at k=2393, possibly due to linear dependence.
Warning: Found near-zero vector at k=2396, possibly due to linear dependence.
Warning: Found near-zero vector at k=2453, possibly due to linear dependence.
Warning: Found near-zero vector at k=2455, possibly due to linear dependence.
Warning: Found near-zero vector at k=2456, possibly due to linear dependence.
Warning: Found near-zero vector at k=2457, possibly due to linear dependence.
Warning: Found near-zero vector at k=2462, possibly due to linear dependence.
Warning: Found near-zero vector at k=2464, possibly due to linear dependence.
Warning: Found near-zero vector at k=2465, possibly due to linear dependence.
Warning: Found near-zero vector at k=2466, possibly due to linear dependence.
Warning: Found near-zero vector at k=2468, possibly due to linear dependence.
Warning: Found near-zero vector at k=2469, possibly due to linear dependence.
Warning: Found near-zero vector at k=2470, possibly due to linear dependence.
Warning: Found near-zero vector at k=2474, possibly due to linear dependence.
Warning: Found near-zero vector at k=2476, possibly due to linear dependence.
Warning: Found near-zero vector at k=2477, possibly due to linear dependence.
Warning: Found near-zero vector at k=2478, possibly due to linear dependence.
Warning: Found near-zero vector at k=2482, possibly due to linear dependence.
Warning: Found near-zero vector at k=2483, possibly due to linear dependence.
Warning: Found near-zero vector at k=2486, possibly due to linear dependence.
Warning: Found near-zero vector at k=2526, possibly due to linear dependence.
Warning: Found near-zero vector at k=2527, possibly due to linear dependence.
Warning: Found near-zero vector at k=2532, possibly due to linear dependence.
Warning: Found near-zero vector at k=2534, possibly due to linear dependence.
Warning: Found near-zero vector at k=2535, possibly due to linear dependence.
Warning: Found near-zero vector at k=2536, possibly due to linear dependence.
Warning: Found near-zero vector at k=2540, possibly due to linear dependence.
Warning: Found near-zero vector at k=2542, possibly due to linear dependence.
Warning: Found near-zero vector at k=2543, possibly due to linear dependence.
Warning: Found near-zero vector at k=2544, possibly due to linear dependence.
Warning: Found near-zero vector at k=2548, possibly due to linear dependence.
Warning: Found near-zero vector at k=2549, possibly due to linear dependence.
Warning: Found near-zero vector at k=2552, possibly due to linear dependence.
Warning: Found near-zero vector at k=2576, possibly due to linear dependence.
Warning: Found near-zero vector at k=2583, possibly due to linear dependence.
Warning: Found near-zero vector at k=2584, possibly due to linear dependence.
Warning: Found near-zero vector at k=2585, possibly due to linear dependence.
Warning: Found near-zero vector at k=2587, possibly due to linear dependence.
Warning: Found near-zero vector at k=2588, possibly due to linear dependence.
Warning: Found near-zero vector at k=2589, possibly due to linear dependence.
Warning: Found near-zero vector at k=2593, possibly due to linear dependence.
Warning: Found near-zero vector at k=2594, possibly due to linear dependence.
Warning: Found near-zero vector at k=2597, possibly due to linear dependence.
Warning: Found near-zero vector at k=2616, possibly due to linear dependence.
Warning: Found near-zero vector at k=2620, possibly due to linear dependence.
Warning: Found near-zero vector at k=2621, possibly due to linear dependence.
Warning: Found near-zero vector at k=2622, possibly due to linear dependence.
Warning: Found near-zero vector at k=2623, possibly due to linear dependence.
Warning: Found near-zero vector at k=2626, possibly due to linear dependence.
Warning: Found near-zero vector at k=2640, possibly due to linear dependence.
Warning: Found near-zero vector at k=2641, possibly due to linear dependence.
Warning: Found near-zero vector at k=2642, possibly due to linear dependence.
Warning: Found near-zero vector at k=2643, possibly due to linear dependence.
Warning: Found near-zero vector at k=2653, possibly due to linear dependence.
Warning: Found near-zero vector at k=2657, possibly due to linear dependence.