1    1    1    1    1   0      4.00000000
1    1    1    2    2   0      3.46410162
1    1    1    3    3   0      2.82842712
1    1    1    4    4   0      2.00000000
1    1    1    5    5   0      4.89897949
1    2    2    2    2   0      3.00000000
1    2    2    3    3   0      2.44948974
1    2    2    4    4   0      1.73205081
1    2    2    5    5   0      4.24264069
1    3    3    3    3   0      2.00000000
1    3    3    4    4   0      1.41421356
1    3    3    5    5   0      3.46410162
1    4    4    4    4   0      1.00000000
1    4    4    5    5   0      2.44948974
1    5    5    5    5   0      6.00000000
2    1    1    1    1   0      5.73147265
2    1    1    2    2   0      0.47256762
2    1    1    3    3   0      5.20897297
2    2    2    2    2   0      5.50221375
2    2    2    3    3   0      1.68470202
2    2    2    4    4   0      7.71860454
2    3    3    3    3   0      4.81443703
2    3    3    4    4   0      6.30221421
2    5    5    5    5   0      8.22903399
2    1    2    1    2   2      4.85422576
2    1    2    3    4   2      5.72957795
2    2    3    2    3   2      3.43888359
2    3    4    3    4   2     -4.45633841
2    1    1    1    1   4      2.67468724
2    1    1    1    2   4      1.44395663
2    1    1    1    3   4      1.85651567
2    1    1    2    2   4      0.19292492
2    1    1    2    3   4      1.40316195
2    1    1    3    3   4      3.41007328
2    1    2    1    2   4      2.44719672
2    1    2    1    3   4     -1.82476014
2    1    2    2    2   4     -1.47028540
2    1    2    2    3   4     -2.27732589
2    1    2    2    4   4      1.24751488
2    1    2    3    3   4      2.88758320
2    1    2    3    4   4      3.43774677
2    1    3    1    3   4      3.54412074
2    1    3    2    2   4      0.47259173
2    1    3    2    3   4     -0.59408501
2    1    3    2    4   4      0.93563616
2    1    3    3    3   4      3.36884706
2    1    3    3    4   4     -4.58366236
2    1    5    1    5   4      6.03462493
2    2    2    2    2   4      0.55022137
2    2    2    2    3   4     -2.66787610
2    2    2    2    4   4      4.20169050
2    2    2    3    3   4     -0.18010222
2    2    2    3    4   4     -3.43066593
2    2    3    2    3   4      0.37336450
2    2    3    2    4   4      2.97104384
2    2    3    3    3   4      1.78292103
2    2    3    3    4   4     -2.42584714
2    2    4    2    4   4      0.89126768
2    2    4    3    3   4      3.20909413
2    2    4    3    4   4     -4.36630209
2    3    3    3    3   4     -2.88866222
2    3    3    3    4   4     -2.62021438
2    3    4    3    4   4     -0.89126768
2    5    5    5    5   4      6.21657892
2    1    2    1    2   6     -0.90187801
2    1    2    1    3   6     -2.10686399
2    1    2    1    4   6      3.30852028
2    1    2    2    3   6      3.42464385
2    1    2    2    4   6      1.17879076
2    1    3    1    3   6     -1.67248026
2    1    3    1    4   6      3.82035015
2    1    3    2    3   6     -1.69475918
2    1    3    2    4   6     -1.02086275
2    1    5    1    5   6      3.64730078
2    1    5    2    5   6     -1.10663749
2    2    3    2    3   6     -3.93015268
2    2    4    2    4   6     -4.45633841
2    2    5    2    5   6      5.17253565
2    1    1    1    1   8     -1.91049088
2    1    1    1    2   8      0.74565600
2    1    1    1    3   8      4.76947511
2    1    1    2    2   8     -0.21328653
2    1    1    2    3   8      1.09690215
2    1    2    1    2   8     -2.47826983
2    1    2    1    3   8      0.55837959
2    1    2    1    4   8      4.32785704
2    1    2    2    3   8     -2.81044016
2    1    3    1    3   8     -1.40180859
2    1    3    1    4   8     -2.60979599
2    1    3    2    2   8      0.56491973
2    1    3    2    3   8      2.82459864
2    1    4    2    2   8     -1.80063263
2    1    4    2    3   8     -3.60126526
2    1    5    1    5   8      0.99471839
2    1    5    2    5   8     -1.23535339
2    1    5    3    5   8      2.09969701
2    2    2    2    2   8     -2.75110687
2    2    2    2    3   8      2.35809161
2    2    3    2    3   8      0.78603054
2    2    5    2    5   8      1.35281702
2    2    5    3    5   8      2.43460248
2    3    5    3    5   8      3.62077496
2    5    5    5    5   8      2.21139874
2    1    2    1    2  10     -2.57300491
2    1    2    1    3  10      0.72933957
2    1    3    1    3  10     -2.07848777
2    1    5    1    5  10     -1.46839382
2    1    5    2    5  10     -0.94285428
2    1    5    3    5  10      3.43114499
2    2    5    2    5  10     -1.88712290
2    2    5    3    5  10      1.71915757
2    2    5    4    5  10      4.24291222
2    3    5    3    5  10     -1.94964805
2    3    5    4    5  10     -4.32077031
2    1    1    1    1  12     -1.91049088
2    1    1    1    2  12     -1.44395663
2    1    2    1    2  12      2.06522486
2    1    5    1    5  12     -3.17362535
2    1    5    2    5  12     -0.30377797
2    1    5    3    5  12      4.10100266
2    2    5    2    5  12     -3.52414517
2    2    5    3    5  12     -0.17052315
2    2    5    4    5  12      5.03863719
2    3    5    3    5  12     -3.38204254
2    3    5    4    5  12      3.35909146
2    5    5    5    5  12     -2.12919061
2    1    5    1    5  14     -3.43888359
2    1    5    2    5  14      0.54235217
2    1    5    3    5  14      3.59755728
2    2    5    2    5  14     -2.33048310
2    2    5    3    5  14     -2.26224527
2    3    5    3    5  14      2.18838047
2    1    5    1    5  16     -1.46839382
2    1    5    2    5  16      1.25939695
2    2    5    2    5  16      3.12625781
2    5    5    5    5  16     -4.20083553
2    1    5    1    5  18      3.64730078
2    5    5    5    5  20     -0.45214472
